MUT;SRUN;SCT;SAVGTCT;SCTCT;TRUN;TCT;TAVGTCT;TCTCT
1;354;354;15,39;15,39;404;404;17,57;17,57
2;244;598;10,61;26,00;286;690;12,43;30,00
3;294;892;12,78;38,78;416;1106;18,09;48,09
4;311;1203;13,52;52,30;363;1469;15,78;63,87
5;237;1440;10,30;62,61;367;1836;15,96;79,83
6;325;1765;14,13;76,74;412;2248;17,91;97,74
7;345;2110;15,00;91,74;412;2660;17,91;115,65
8;377;2487;16,39;108,13;418;3078;18,17;133,83
9;293;2780;12,74;120,87;426;3504;18,52;152,35
10;336;3116;14,61;135,48;422;3926;18,35;170,70
11;264;3380;11,48;146,96;328;4254;14,26;184,96
12;310;3690;13,48;160,43;402;4656;17,48;202,43
13;308;3998;13,39;173,83;419;5075;18,22;220,65
14;308;4306;13,39;187,22;144;5219;6,26;226,91
15;90;4396;3,91;191,13;410;5629;17,83;244,74
16;458;4854;19,91;211,04;407;6036;17,70;262,43
17;307;5161;13,35;224,39;402;6438;17,48;279,91
18;299;5460;13,00;237,39;405;6843;17,61;297,52
19;296;5756;12,87;250,26;406;7249;17,65;315,17
20;310;6066;13,48;263,74;416;7665;18,09;333,26
21;306;6372;13,30;277,04;142;7807;6,17;339,43
22;89;6461;3,87;280,91;147;7954;6,39;345,83
23;94;6555;4,09;285,00;413;8367;17,96;363,78
24;307;6862;13,35;298,35;145;8512;6,30;370,09
25;90;6952;3,91;302,26;145;8657;6,30;376,39
26;91;7043;3,96;306,22;151;8808;6,57;382,96
27;93;7136;4,04;310,26;149;8957;6,48;389,43
28;93;7229;4,04;314,30;413;9370;17,96;407,39
29;306;7535;13,30;327,61;144;9514;6,26;413,65
30;89;7624;3,87;331,48;404;9918;17,57;431,22
31;299;7923;13,00;344,48;143;10061;6,22;437,43
32;90;8013;3,91;348,39;144;10205;6,26;443,70
33;90;8103;3,91;352,30;144;10349;6,26;449,96
34;305;8408;13,26;365,57;143;10492;6,22;456,17
35;91;8499;3,96;369,52;147;10639;6,39;462,57
36;90;8589;3,91;373,43;409;11048;17,78;480,35
37;307;8896;13,35;386,78;413;11461;17,96;498,30
38;305;9201;13,26;400,04;407;11868;17,70;516,00
39;421;9622;18,30;418,35;384;12252;16,70;532,70
40;414;10036;18,00;436,35;410;12662;17,83;550,52
41;343;10379;14,91;451,26;412;13074;17,91;568,43
42;319;10698;13,87;465,13;407;13481;17,70;586,13
43;319;11017;13,87;479,00;405;13886;17,61;603,74
44;317;11334;13,78;492,78;408;14294;17,74;621,48
45;324;11658;14,09;506,87;407;14701;17,70;639,17
46;313;11971;13,61;520,48;416;15117;18,09;657,26
47;310;12281;13,48;533,96;414;15531;18,00;675,26
48;311;12592;13,52;547,48;409;15940;17,78;693,04
49;308;12900;13,39;560,87;421;16361;18,30;711,35
50;312;13212;13,57;574,43;412;16773;17,91;729,26
51;310;13522;13,48;587,91;406;17179;17,65;746,91
52;307;13829;13,35;601,26;413;17592;17,96;764,87
53;309;14138;13,43;614,70;405;17997;17,61;782,48
54;309;14447;13,43;628,13;342;18339;14,87;797,35
55;448;14895;19,48;647,61;407;18746;17,70;815,04
56;308;15203;13,39;661,00;418;19164;18,17;833,22
57;310;15513;13,48;674,48;412;19576;17,91;851,13
58;308;15821;13,39;687,87;411;19987;17,87;869,00
59;306;16127;13,30;701,17;386;20373;16,78;885,78
60;308;16435;13,39;714,57;414;20787;18,00;903,78
61;456;16891;19,83;734,39;417;21204;18,13;921,91
62;308;17199;13,39;747,78;413;21617;17,96;939,87
63;308;17507;13,39;761,17;262;21879;11,39;951,26
64;305;17812;13,26;774,43;417;22296;18,13;969,39
65;308;18120;13,39;787,83;411;22707;17,87;987,26
66;309;18429;13,43;801,26;416;23123;18,09;1005,35
67;308;18737;13,39;814,65;415;23538;18,04;1023,39
68;308;19045;13,39;828,04;418;23956;18,17;1041,57
69;307;19352;13,35;841,39;415;24371;18,04;1059,61
70;310;19662;13,48;854,87;412;24783;17,91;1077,52
71;306;19968;13,30;868,17;417;25200;18,13;1095,65
72;309;20277;13,43;881,61;415;25615;18,04;1113,70
73;309;20586;13,43;895,04;412;26027;17,91;1131,61
74;306;20892;13,30;908,35;407;26434;17,70;1149,30
75;308;21200;13,39;921,74;408;26842;17,74;1167,04
76;308;21508;13,39;935,13;417;27259;18,13;1185,17
77;308;21816;13,39;948,52;409;27668;17,78;1202,96
78;305;22121;13,26;961,78;411;28079;17,87;1220,83
79;309;22430;13,43;975,22;411;28490;17,87;1238,70
80;310;22740;13,48;988,70;411;28901;17,87;1256,57
81;306;23046;13,30;1002,00;408;29309;17,74;1274,30
82;309;23355;13,43;1015,43;412;29721;17,91;1292,22
83;309;23664;13,43;1028,87;412;30133;17,91;1310,13
84;307;23971;13,35;1042,22;367;30500;15,96;1326,09
85;271;24242;11,78;1054,00;150;30650;6,52;1332,61
86;101;24343;4,39;1058,39;372;31022;16,17;1348,78
87;270;24613;11,74;1070,13;156;31178;6,78;1355,57
88;106;24719;4,61;1074,74;409;31587;17,78;1373,35
89;307;25026;13,35;1088,09;412;31999;17,91;1391,26
90;308;25334;13,39;1101,48;413;32412;17,96;1409,22
91;308;25642;13,39;1114,87;406;32818;17,65;1426,87
92;307;25949;13,35;1128,22;409;33227;17,78;1444,65
93;307;26256;13,35;1141,57;406;33633;17,65;1462,30
94;308;26564;13,39;1154,96;413;34046;17,96;1480,26
95;309;26873;13,43;1168,39;406;34452;17,65;1497,91
96;285;27158;12,39;1180,78;407;34859;17,70;1515,61
97;434;27592;18,87;1199,65;405;35264;17,61;1533,22
98;309;27901;13,43;1213,09;417;35681;18,13;1551,35
99;307;28208;13,35;1226,43;377;36058;16,39;1567,74
100;307;28515;13,35;1239,78;415;36473;18,04;1585,78
101;310;28825;13,48;1253,26;418;36891;18,17;1603,96
102;311;29136;13,52;1266,78;415;37306;18,04;1622,00
103;311;29447;13,52;1280,30;417;37723;18,13;1640,13
104;310;29757;13,48;1293,78;413;38136;17,96;1658,09
105;309;30066;13,43;1307,22;410;38546;17,83;1675,91
106;427;30493;18,57;1325,78;412;38958;17,91;1693,83
107;307;30800;13,35;1339,13;632;39590;27,48;1721,30
108;308;31108;13,39;1352,52;407;39997;17,70;1739,00
109;308;31416;13,39;1365,91;357;40354;15,52;1754,52
110;269;31685;11,70;1377,61;129;40483;5,61;1760,13
111;83;31768;3,61;1381,22;275;40758;11,96;1772,09
112;276;32044;12,00;1393,22;404;41162;17,57;1789,65
113;390;32434;16,96;1410,17;412;41574;17,91;1807,57
114;420;32854;18,26;1428,43;255;41829;11,09;1818,65
115;411;33265;17,87;1446,30;411;42240;17,87;1836,52
116;403;33668;17,52;1463,83;407;42647;17,70;1854,22
117;411;34079;17,87;1481,70;415;43062;18,04;1872,26
118;413;34492;17,96;1499,65;405;43467;17,61;1889,87
119;391;34883;17,00;1516,65;414;43881;18,00;1907,87
120;385;35268;16,74;1533,39;405;44286;17,61;1925,48
121;389;35657;16,91;1550,30;411;44697;17,87;1943,35
122;395;36052;17,17;1567,48;411;45108;17,87;1961,22
123;384;36436;16,70;1584,17;408;45516;17,74;1978,96
124;387;36823;16,83;1601,00;409;45925;17,78;1996,74
125;386;37209;16,78;1617,78;407;46332;17,70;2014,43
126;392;37601;17,04;1634,83;403;46735;17,52;2031,96
127;394;37995;17,13;1651,96;409;47144;17,78;2049,74
128;390;38385;16,96;1668,91;416;47560;18,09;2067,83
129;385;38770;16,74;1685,65;416;47976;18,09;2085,91
130;385;39155;16,74;1702,39;412;48388;17,91;2103,83
131;393;39548;17,09;1719,48;258;48646;11,22;2115,04
132;391;39939;17,00;1736,48;406;49052;17,65;2132,70
133;392;40331;17,04;1753,52;413;49465;17,96;2150,65
134;391;40722;17,00;1770,52;406;49871;17,65;2168,30
135;388;41110;16,87;1787,39;414;50285;18,00;2186,30
136;388;41498;16,87;1804,26;411;50696;17,87;2204,17
137;392;41890;17,04;1821,30;420;51116;18,26;2222,43
138;386;42276;16,78;1838,09;411;51527;17,87;2240,30
139;385;42661;16,74;1854,83;409;51936;17,78;2258,09
140;391;43052;17,00;1871,83;413;52349;17,96;2276,04
141;392;43444;17,04;1888,87;408;52757;17,74;2293,78
142;390;43834;16,96;1905,83;376;53133;16,35;2310,13
143;362;44196;15,74;1921,57;411;53544;17,87;2328,00
144;390;44586;16,96;1938,52;298;53842;12,96;2340,96
145;281;44867;12,22;1950,74;260;54102;11,30;2352,26
146;391;45258;17,00;1967,74;409;54511;17,78;2370,04
147;385;45643;16,74;1984,48;408;54919;17,74;2387,78
148;390;46033;16,96;2001,43;405;55324;17,61;2405,39
149;395;46428;17,17;2018,61;409;55733;17,78;2423,17
150;388;46816;16,87;2035,48;412;56145;17,91;2441,09
151;391;47207;17,00;2052,48;409;56554;17,78;2458,87
152;385;47592;16,74;2069,22;412;56966;17,91;2476,78
153;388;47980;16,87;2086,09;404;57370;17,57;2494,35
154;244;48224;10,61;2096,70;391;57761;17,00;2511,35
155;368;48592;16,00;2112,70;410;58171;17,83;2529,17
156;391;48983;17,00;2129,70;384;58555;16,70;2545,87
157;240;49223;10,43;2140,13;408;58963;17,74;2563,61
158;391;49614;17,00;2157,13;416;59379;18,09;2581,70
159;395;50009;17,17;2174,30;406;59785;17,65;2599,35
160;396;50405;17,22;2191,52;410;60195;17,83;2617,17
161;396;50801;17,22;2208,74;412;60607;17,91;2635,09
162;384;51185;16,70;2225,43;405;61012;17,61;2652,70
163;387;51572;16,83;2242,26;413;61425;17,96;2670,65
164;387;51959;16,83;2259,09;411;61836;17,87;2688,52
165;406;52365;17,65;2276,74;411;62247;17,87;2706,39
166;391;52756;17,00;2293,74;413;62660;17,96;2724,35
167;398;53154;17,30;2311,04;401;63061;17,43;2741,78
168;395;53549;17,17;2328,22;409;63470;17,78;2759,57
169;396;53945;17,22;2345,43;410;63880;17,83;2777,39
170;392;54337;17,04;2362,48;415;64295;18,04;2795,43
171;391;54728;17,00;2379,48;416;64711;18,09;2813,52
172;393;55121;17,09;2396,57;348;65059;15,13;2828,65
173;328;55449;14,26;2410,83;418;65477;18,17;2846,83
174;391;55840;17,00;2427,83;368;65845;16,00;2862,83
175;344;56184;14,96;2442,78;408;66253;17,74;2880,57
176;391;56575;17,00;2459,78;401;66654;17,43;2898,00
177;392;56967;17,04;2476,83;413;67067;17,96;2915,96
178;391;57358;17,00;2493,83;411;67478;17,87;2933,83
179;393;57751;17,09;2510,91;408;67886;17,74;2951,57
180;393;58144;17,09;2528,00;360;68246;15,65;2967,22
181;331;58475;14,39;2542,39;420;68666;18,26;2985,48
182;393;58868;17,09;2559,48;413;69079;17,96;3003,43
183;395;59263;17,17;2576,65;381;69460;16,57;3020,00
184;349;59612;15,17;2591,83;409;69869;17,78;3037,78
185;395;60007;17,17;2609,00;374;70243;16,26;3054,04
186;355;60362;15,43;2624,43;409;70652;17,78;3071,83
187;386;60748;16,78;2641,22;371;71023;16,13;3087,96
188;357;61105;15,52;2656,74;377;71400;16,39;3104,35
189;365;61470;15,87;2672,61;405;71805;17,61;3121,96
190;393;61863;17,09;2689,70;406;72211;17,65;3139,61
191;387;62250;16,83;2706,52;408;72619;17,74;3157,35
192;385;62635;16,74;2723,26;405;73024;17,61;3174,96
193;398;63033;17,30;2740,57;412;73436;17,91;3192,87
194;394;63427;17,13;2757,70;494;73930;21,48;3214,35
195;393;63820;17,09;2774,78;422;74352;18,35;3232,70
196;394;64214;17,13;2791,91;412;74764;17,91;3250,61
197;399;64613;17,35;2809,26;407;75171;17,70;3268,30
198;391;65004;17,00;2826,26;406;75577;17,65;3285,96
199;395;65399;17,17;2843,43;415;75992;18,04;3304,00
200;397;65796;17,26;2860,70;410;76402;17,83;3321,83
201;394;66190;17,13;2877,83;406;76808;17,65;3339,48
202;393;66583;17,09;2894,91;333;77141;14,48;3353,96
203;395;66978;17,17;2912,09;381;77522;16,57;3370,52
204;386;67364;16,78;2928,87;421;77943;18,30;3388,83
205;395;67759;17,17;2946,04;384;78327;16,70;3405,52
206;390;68149;16,96;2963,00;410;78737;17,83;3423,35
207;396;68545;17,22;2980,22;415;79152;18,04;3441,39
208;396;68941;17,22;2997,43;412;79564;17,91;3459,30
209;385;69326;16,74;3014,17;386;79950;16,78;3476,09
210;388;69714;16,87;3031,04;418;80368;18,17;3494,26
211;391;70105;17,00;3048,04;408;80776;17,74;3512,00
212;392;70497;17,04;3065,09;393;81169;17,09;3529,09
213;390;70887;16,96;3082,04;417;81586;18,13;3547,22
214;396;71283;17,22;3099,26;405;81991;17,61;3564,83
215;397;71680;17,26;3116,52;414;82405;18,00;3582,83
216;393;72073;17,09;3133,61;411;82816;17,87;3600,70
217;392;72465;17,04;3150,65;409;83225;17,78;3618,48
218;393;72858;17,09;3167,74;413;83638;17,96;3636,43
219;392;73250;17,04;3184,78;411;84049;17,87;3654,30
220;397;73647;17,26;3202,04;412;84461;17,91;3672,22
221;385;74032;16,74;3218,78;411;84872;17,87;3690,09
222;389;74421;16,91;3235,70;408;85280;17,74;3707,83
223;398;74819;17,30;3253,00;410;85690;17,83;3725,65
224;390;75209;16,96;3269,96;402;86092;17,48;3743,13
225;390;75599;16,96;3286,91;411;86503;17,87;3761,00
226;387;75986;16,83;3303,74;412;86915;17,91;3778,91
227;399;76385;17,35;3321,09;412;87327;17,91;3796,83
228;331;76716;14,39;3335,48;410;87737;17,83;3814,65
229;391;77107;17,00;3352,48;410;88147;17,83;3832,48
230;391;77498;17,00;3369,48;414;88561;18,00;3850,48
231;389;77887;16,91;3386,39;402;88963;17,48;3867,96
232;390;78277;16,96;3403,35;410;89373;17,83;3885,78
233;388;78665;16,87;3420,22;409;89782;17,78;3903,57
234;387;79052;16,83;3437,04;411;90193;17,87;3921,43
235;384;79436;16,70;3453,74;414;90607;18,00;3939,43
236;394;79830;17,13;3470,87;412;91019;17,91;3957,35
237;383;80213;16,65;3487,52;251;91270;10,91;3968,26
238;219;80432;9,52;3497,04;415;91685;18,04;3986,30
239;389;80821;16,91;3513,96;414;92099;18,00;4004,30
240;385;81206;16,74;3530,70;404;92503;17,57;4021,87
241;393;81599;17,09;3547,78;410;92913;17,83;4039,70
242;392;81991;17,04;3564,83;407;93320;17,70;4057,39
243;391;82382;17,00;3581,83;246;93566;10,70;4068,09
244;231;82613;10,04;3591,87;415;93981;18,04;4086,13
245;392;83005;17,04;3608,91;255;94236;11,09;4097,22
246;231;83236;10,04;3618,96;410;94646;17,83;4115,04
247;387;83623;16,83;3635,78;410;95056;17,83;4132,87
248;391;84014;17,00;3652,78;408;95464;17,74;4150,61
249;386;84400;16,78;3669,57;409;95873;17,78;4168,39
250;446;84846;19,39;3688,96;407;96280;17,70;4186,09
251;390;85236;16,96;3705,91;406;96686;17,65;4203,74
252;386;85622;16,78;3722,70;406;97092;17,65;4221,39
253;392;86014;17,04;3739,74;251;97343;10,91;4232,30
254;225;86239;9,78;3749,52;465;97808;20,22;4252,52
255;436;86675;18,96;3768,48;237;98045;10,30;4262,83
256;208;86883;9,04;3777,52;227;98272;9,87;4272,70
257;204;87087;8,87;3786,39;433;98705;18,83;4291,52
258;388;87475;16,87;3803,26;418;99123;18,17;4309,70
259;390;87865;16,96;3820,22;401;99524;17,43;4327,13
260;380;88245;16,52;3836,74;289;99813;12,57;4339,70
261;261;88506;11,35;3848,09;231;100044;10,04;4349,74
262;206;88712;8,96;3857,04;405;100449;17,61;4367,35
263;391;89103;17,00;3874,04;243;100692;10,57;4377,91
264;223;89326;9,70;3883,74;249;100941;10,83;4388,74
265;224;89550;9,74;3893,48;233;101174;10,13;4398,87
266;212;89762;9,22;3902,70;236;101410;10,26;4409,13
267;205;89967;8,91;3911,61;407;101817;17,70;4426,83
268;385;90352;16,74;3928,35;413;102230;17,96;4444,78
269;382;90734;16,61;3944,96;232;102462;10,09;4454,87
270;205;90939;8,91;3953,87;229;102691;9,96;4464,83
271;203;91142;8,83;3962,70;413;103104;17,96;4482,78
272;388;91530;16,87;3979,57;241;103345;10,48;4493,26
273;217;91747;9,43;3989,00;265;103610;11,52;4504,78
274;246;91993;10,70;3999,70;414;104024;18,00;4522,78
275;387;92380;16,83;4016,52;408;104432;17,74;4540,52
276;385;92765;16,74;4033,26;411;104843;17,87;4558,39
277;391;93156;17,00;4050,26;405;105248;17,61;4576,00
278;387;93543;16,83;4067,09;409;105657;17,78;4593,78
279;395;93938;17,17;4084,26;413;106070;17,96;4611,74
280;389;94327;16,91;4101,17;410;106480;17,83;4629,57
281;387;94714;16,83;4118,00;437;106917;19,00;4648,57
282;393;95107;17,09;4135,09;412;107329;17,91;4666,48
283;388;95495;16,87;4151,96;410;107739;17,83;4684,30
284;388;95883;16,87;4168,83;409;108148;17,78;4702,09
285;390;96273;16,96;4185,78;409;108557;17,78;4719,87
286;392;96665;17,04;4202,83;410;108967;17,83;4737,70
287;388;97053;16,87;4219,70;409;109376;17,78;4755,48
288;392;97445;17,04;4236,74;385;109761;16,74;4772,22
289;392;97837;17,04;4253,78;408;110169;17,74;4789,96
290;388;98225;16,87;4270,65;413;110582;17,96;4807,91
291;395;98620;17,17;4287,83;410;110992;17,83;4825,74
292;384;99004;16,70;4304,52;408;111400;17,74;4843,48
293;388;99392;16,87;4321,39;405;111805;17,61;4861,09
294;391;99783;17,00;4338,39;410;112215;17,83;4878,91
295;238;100021;10,35;4348,74;413;112628;17,96;4896,87
296;392;100413;17,04;4365,78;255;112883;11,09;4907,96
297;388;100801;16,87;4382,65;406;113289;17,65;4925,61
298;389;101190;16,91;4399,57;412;113701;17,91;4943,52
299;387;101577;16,83;4416,39;418;114119;18,17;4961,70
300;396;101973;17,22;4433,61;413;114532;17,96;4979,65
301;239;102212;10,39;4444,00;414;114946;18,00;4997,65
302;384;102596;16,70;4460,70;416;115362;18,09;5015,74
303;387;102983;16,83;4477,52;258;115620;11,22;5026,96
304;394;103377;17,13;4494,65;412;116032;17,91;5044,87
305;383;103760;16,65;4511,30;416;116448;18,09;5062,96
306;385;104145;16,74;4528,04;413;116861;17,96;5080,91
307;389;104534;16,91;4544,96;410;117271;17,83;5098,74
308;385;104919;16,74;4561,70;412;117683;17,91;5116,65
309;390;105309;16,96;4578,65;412;118095;17,91;5134,57
310;393;105702;17,09;4595,74;414;118509;18,00;5152,57
311;390;106092;16,96;4612,70;409;118918;17,78;5170,35
312;394;106486;17,13;4629,83;411;119329;17,87;5188,22
313;385;106871;16,74;4646,57;310;119639;13,48;5201,70
314;392;107263;17,04;4663,61;414;120053;18,00;5219,70
315;389;107652;16,91;4680,52;409;120462;17,78;5237,48
316;392;108044;17,04;4697,57;412;120874;17,91;5255,39
317;399;108443;17,35;4714,91;405;121279;17,61;5273,00
318;390;108833;16,96;4731,87;259;121538;11,26;5284,26
319;387;109220;16,83;4748,70;408;121946;17,74;5302,00
320;387;109607;16,83;4765,52;411;122357;17,87;5319,87
321;383;109990;16,65;4782,17;417;122774;18,13;5338,00
322;389;110379;16,91;4799,09;422;123196;18,35;5356,35
323;394;110773;17,13;4816,22;411;123607;17,87;5374,22
324;392;111165;17,04;4833,26;414;124021;18,00;5392,22
325;391;111556;17,00;4850,26;413;124434;17,96;5410,17
326;386;111942;16,78;4867,04;413;124847;17,96;5428,13
327;384;112326;16,70;4883,74;410;125257;17,83;5445,96
328;387;112713;16,83;4900,57;413;125670;17,96;5463,91
329;610;113323;26,52;4927,09;409;126079;17,78;5481,70
330;391;113714;17,00;4944,09;415;126494;18,04;5499,74
331;388;114102;16,87;4960,96;319;126813;13,87;5513,61
332;390;114492;16,96;4977,91;411;127224;17,87;5531,48
333;386;114878;16,78;4994,70;409;127633;17,78;5549,26
334;384;115262;16,70;5011,39;407;128040;17,70;5566,96
335;391;115653;17,00;5028,39;419;128459;18,22;5585,17
336;388;116041;16,87;5045,26;412;128871;17,91;5603,09
337;391;116432;17,00;5062,26;392;129263;17,04;5620,13
338;391;116823;17,00;5079,26;418;129681;18,17;5638,30
339;341;117164;14,83;5094,09;411;130092;17,87;5656,17
340;390;117554;16,96;5111,04;405;130497;17,61;5673,78
341;398;117952;17,30;5128,35;425;130922;18,48;5692,26
342;392;118344;17,04;5145,39;414;131336;18,00;5710,26
343;383;118727;16,65;5162,04;405;131741;17,61;5727,87
344;383;119110;16,65;5178,70;411;132152;17,87;5745,74
345;388;119498;16,87;5195,57;412;132564;17,91;5763,65
346;390;119888;16,96;5212,52;407;132971;17,70;5781,35
347;386;120274;16,78;5229,30;414;133385;18,00;5799,35
348;390;120664;16,96;5246,26;409;133794;17,78;5817,13
349;383;121047;16,65;5262,91;409;134203;17,78;5834,91
350;390;121437;16,96;5279,87;380;134583;16,52;5851,43
351;382;121819;16,61;5296,48;412;134995;17,91;5869,35
352;393;122212;17,09;5313,57;414;135409;18,00;5887,35
353;392;122604;17,04;5330,61;414;135823;18,00;5905,35
354;391;122995;17,00;5347,61;412;136235;17,91;5923,26
355;393;123388;17,09;5364,70;419;136654;18,22;5941,48
356;386;123774;16,78;5381,48;418;137072;18,17;5959,65
357;394;124168;17,13;5398,61;409;137481;17,78;5977,43
358;429;124597;18,65;5417,26;415;137896;18,04;5995,48
359;436;125033;18,96;5436,22;410;138306;17,83;6013,30
360;392;125425;17,04;5453,26;419;138725;18,22;6031,52
361;388;125813;16,87;5470,13;412;139137;17,91;6049,43
362;386;126199;16,78;5486,91;414;139551;18,00;6067,43
363;389;126588;16,91;5503,83;410;139961;17,83;6085,26
364;390;126978;16,96;5520,78;419;140380;18,22;6103,48
365;387;127365;16,83;5537,61;411;140791;17,87;6121,35
366;391;127756;17,00;5554,61;257;141048;11,17;6132,52
367;387;128143;16,83;5571,43;413;141461;17,96;6150,48
368;382;128525;16,61;5588,04;393;141854;17,09;6167,57
369;370;128895;16,09;5604,13;619;142473;26,91;6194,48
370;386;129281;16,78;5620,91;413;142886;17,96;6212,43
371;387;129668;16,83;5637,74;408;143294;17,74;6230,17
372;388;130056;16,87;5654,61;413;143707;17,96;6248,13
373;391;130447;17,00;5671,61;409;144116;17,78;6265,91
374;409;130856;17,78;5689,39;411;144527;17,87;6283,78
375;388;131244;16,87;5706,26;412;144939;17,91;6301,70
376;392;131636;17,04;5723,30;410;145349;17,83;6319,52
377;391;132027;17,00;5740,30;410;145759;17,83;6337,35
378;389;132416;16,91;5757,22;412;146171;17,91;6355,26
379;386;132802;16,78;5774,00;415;146586;18,04;6373,30
380;467;133269;20,30;5794,30;404;146990;17,57;6390,87
381;383;133652;16,65;5810,96;406;147396;17,65;6408,52
382;382;134034;16,61;5827,57;416;147812;18,09;6426,61
383;391;134425;17,00;5844,57;414;148226;18,00;6444,61
384;383;134808;16,65;5861,22;415;148641;18,04;6462,65
385;393;135201;17,09;5878,30;411;149052;17,87;6480,52
386;388;135589;16,87;5895,17;410;149462;17,83;6498,35
387;391;135980;17,00;5912,17;412;149874;17,91;6516,26
388;387;136367;16,83;5929,00;409;150283;17,78;6534,04
389;386;136753;16,78;5945,78;409;150692;17,78;6551,83
390;281;137034;12,22;5958,00;413;151105;17,96;6569,78
391;392;137426;17,04;5975,04;413;151518;17,96;6587,74
392;398;137824;17,30;5992,35;415;151933;18,04;6605,78
393;388;138212;16,87;6009,22;408;152341;17,74;6623,52
394;392;138604;17,04;6026,26;405;152746;17,61;6641,13
395;386;138990;16,78;6043,04;409;153155;17,78;6658,91
396;392;139382;17,04;6060,09;411;153566;17,87;6676,78
397;382;139764;16,61;6076,70;408;153974;17,74;6694,52
398;387;140151;16,83;6093,52;408;154382;17,74;6712,26
399;389;140540;16,91;6110,43;417;154799;18,13;6730,39
400;386;140926;16,78;6127,22;417;155216;18,13;6748,52
401;392;141318;17,04;6144,26;407;155623;17,70;6766,22
402;389;141707;16,91;6161,17;408;156031;17,74;6783,96
403;384;142091;16,70;6177,87;412;156443;17,91;6801,87
404;389;142480;16,91;6194,78;415;156858;18,04;6819,91
405;391;142871;17,00;6211,78;409;157267;17,78;6837,70
406;382;143253;16,61;6228,39;419;157686;18,22;6855,91
407;391;143644;17,00;6245,39;407;158093;17,70;6873,61
408;384;144028;16,70;6262,09;408;158501;17,74;6891,35
409;386;144414;16,78;6278,87;406;158907;17,65;6909,00
410;409;144823;17,78;6296,65;410;159317;17,83;6926,83
411;423;145246;18,39;6315,04;409;159726;17,78;6944,61
412;407;145653;17,70;6332,74;418;160144;18,17;6962,78
413;389;146042;16,91;6349,65;409;160553;17,78;6980,57
414;397;146439;17,26;6366,91;411;160964;17,87;6998,43
415;392;146831;17,04;6383,96;409;161373;17,78;7016,22
416;390;147221;16,96;6400,91;411;161784;17,87;7034,09
417;391;147612;17,00;6417,91;407;162191;17,70;7051,78
418;391;148003;17,00;6434,91;412;162603;17,91;7069,70
419;385;148388;16,74;6451,65;407;163010;17,70;7087,39
420;396;148784;17,22;6468,87;415;163425;18,04;7105,43
421;398;149182;17,30;6486,17;415;163840;18,04;7123,48
422;393;149575;17,09;6503,26;412;164252;17,91;7141,39
423;394;149969;17,13;6520,39;407;164659;17,70;7159,09
424;391;150360;17,00;6537,39;408;165067;17,74;7176,83
425;387;150747;16,83;6554,22;412;165479;17,91;7194,74
426;398;151145;17,30;6571,52;403;165882;17,52;7212,26
427;390;151535;16,96;6588,48;406;166288;17,65;7229,91
428;395;151930;17,17;6605,65;406;166694;17,65;7247,57
429;392;152322;17,04;6622,70;467;167161;20,30;7267,87
430;436;152758;18,96;6641,65;419;167580;18,22;7286,09
431;390;153148;16,96;6658,61;416;167996;18,09;7304,17
432;389;153537;16,91;6675,52;420;168416;18,26;7322,43
433;400;153937;17,39;6692,91;419;168835;18,22;7340,65
434;386;154323;16,78;6709,70;418;169253;18,17;7358,83
435;389;154712;16,91;6726,61;409;169662;17,78;7376,61
436;393;155105;17,09;6743,70;416;170078;18,09;7394,70
437;396;155501;17,22;6760,91;410;170488;17,83;7412,52
438;388;155889;16,87;6777,78;412;170900;17,91;7430,43
439;388;156277;16,87;6794,65;381;171281;16,57;7447,00
440;365;156642;15,87;6810,52;407;171688;17,70;7464,70
441;389;157031;16,91;6827,43;395;172083;17,17;7481,87
442;367;157398;15,96;6843,39;392;172475;17,04;7498,91
443;392;157790;17,04;6860,43;418;172893;18,17;7517,09
444;389;158179;16,91;6877,35;387;173280;16,83;7533,91
445;364;158543;15,83;6893,17;413;173693;17,96;7551,87
446;383;158926;16,65;6909,83;379;174072;16,48;7568,35
447;369;159295;16,04;6925,87;414;174486;18,00;7586,35
448;392;159687;17,04;6942,91;413;174899;17,96;7604,30
449;392;160079;17,04;6959,96;413;175312;17,96;7622,26
450;394;160473;17,13;6977,09;411;175723;17,87;7640,13
451;387;160860;16,83;6993,91;417;176140;18,13;7658,26
452;393;161253;17,09;7011,00;416;176556;18,09;7676,35
453;388;161641;16,87;7027,87;414;176970;18,00;7694,35
454;388;162029;16,87;7044,74;397;177367;17,26;7711,61
455;369;162398;16,04;7060,78;445;177812;19,35;7730,96
456;418;162816;18,17;7078,96;416;178228;18,09;7749,04
457;387;163203;16,83;7095,78;498;178726;21,65;7770,70
458;470;163673;20,43;7116,22;412;179138;17,91;7788,61
459;396;164069;17,22;7133,43;412;179550;17,91;7806,52
460;391;164460;17,00;7150,43;414;179964;18,00;7824,52
461;385;164845;16,74;7167,17;411;180375;17,87;7842,39
462;391;165236;17,00;7184,17;308;180683;13,39;7855,78
463;254;165490;11,04;7195,22;408;181091;17,74;7873,52
464;388;165878;16,87;7212,09;411;181502;17,87;7891,39
465;387;166265;16,83;7228,91;410;181912;17,83;7909,22
466;388;166653;16,87;7245,78;411;182323;17,87;7927,09
467;394;167047;17,13;7262,91;414;182737;18,00;7945,09
468;390;167437;16,96;7279,87;410;183147;17,83;7962,91
469;391;167828;17,00;7296,87;411;183558;17,87;7980,78
470;395;168223;17,17;7314,04;414;183972;18,00;7998,78
471;393;168616;17,09;7331,13;409;184381;17,78;8016,57
472;386;169002;16,78;7347,91;419;184800;18,22;8034,78
473;397;169399;17,26;7365,17;409;185209;17,78;8052,57
474;393;169792;17,09;7382,26;405;185614;17,61;8070,17
475;386;170178;16,78;7399,04;410;186024;17,83;8088,00
476;391;170569;17,00;7416,04;408;186432;17,74;8105,74
477;389;170958;16,91;7432,96;412;186844;17,91;8123,65
478;383;171341;16,65;7449,61;415;187259;18,04;8141,70
479;395;171736;17,17;7466,78;421;187680;18,30;8160,00
480;386;172122;16,78;7483,57;440;188120;19,13;8179,13
481;393;172515;17,09;7500,65;438;188558;19,04;8198,17
482;392;172907;17,04;7517,70;416;188974;18,09;8216,26
483;395;173302;17,17;7534,87;413;189387;17,96;8234,22
484;395;173697;17,17;7552,04;404;189791;17,57;8251,78
485;393;174090;17,09;7569,13;410;190201;17,83;8269,61
486;393;174483;17,09;7586,22;411;190612;17,87;8287,48
487;394;174877;17,13;7603,35;413;191025;17,96;8305,43
488;393;175270;17,09;7620,43;409;191434;17,78;8323,22
489;391;175661;17,00;7637,43;412;191846;17,91;8341,13
490;387;176048;16,83;7654,26;400;192246;17,39;8358,52
491;396;176444;17,22;7671,48;412;192658;17,91;8376,43
492;394;176838;17,13;7688,61;404;193062;17,57;8394,00
493;390;177228;16,96;7705,57;405;193467;17,61;8411,61
494;391;177619;17,00;7722,57;411;193878;17,87;8429,48
495;390;178009;16,96;7739,52;407;194285;17,70;8447,17
496;387;178396;16,83;7756,35;412;194697;17,91;8465,09
497;387;178783;16,83;7773,17;406;195103;17,65;8482,74
498;396;179179;17,22;7790,39;410;195513;17,83;8500,57
499;389;179568;16,91;7807,30;403;195916;17,52;8518,09
500;389;179957;16,91;7824,22;404;196320;17,57;8535,65
501;389;180346;16,91;7841,13;402;196722;17,48;8553,13
502;395;180741;17,17;7858,30;407;197129;17,70;8570,83
503;395;181136;17,17;7875,48;409;197538;17,78;8588,61
504;395;181531;17,17;7892,65;410;197948;17,83;8606,43
505;390;181921;16,96;7909,61;412;198360;17,91;8624,35
506;393;182314;17,09;7926,70;405;198765;17,61;8641,96
507;392;182706;17,04;7943,74;408;199173;17,74;8659,70
508;395;183101;17,17;7960,91;416;199589;18,09;8677,78
509;394;183495;17,13;7978,04;413;200002;17,96;8695,74
510;390;183885;16,96;7995,00;407;200409;17,70;8713,43
511;397;184282;17,26;8012,26;411;200820;17,87;8731,30
512;392;184674;17,04;8029,30;418;201238;18,17;8749,48
513;390;185064;16,96;8046,26;420;201658;18,26;8767,74
514;394;185458;17,13;8063,39;411;202069;17,87;8785,61
515;393;185851;17,09;8080,48;409;202478;17,78;8803,39
516;387;186238;16,83;8097,30;412;202890;17,91;8821,30
517;391;186629;17,00;8114,30;412;203302;17,91;8839,22
518;391;187020;17,00;8131,30;413;203715;17,96;8857,17
519;393;187413;17,09;8148,39;414;204129;18,00;8875,17
520;400;187813;17,39;8165,78;403;204532;17,52;8892,70
521;391;188204;17,00;8182,78;406;204938;17,65;8910,35
522;385;188589;16,74;8199,52;410;205348;17,83;8928,17
523;386;188975;16,78;8216,30;504;205852;21,91;8950,09
524;486;189461;21,13;8237,43;406;206258;17,65;8967,74
525;384;189845;16,70;8254,13;786;207044;34,17;9001,91
526;765;190610;33,26;8287,39;411;207455;17,87;9019,78
527;392;191002;17,04;8304,43;409;207864;17,78;9037,57
528;386;191388;16,78;8321,22;405;208269;17,61;9055,17
529;384;191772;16,70;8337,91;412;208681;17,91;9073,09
530;387;192159;16,83;8354,74;408;209089;17,74;9090,83
531;389;192548;16,91;8371,65;411;209500;17,87;9108,70
532;388;192936;16,87;8388,52;416;209916;18,09;9126,78
533;391;193327;17,00;8405,52;410;210326;17,83;9144,61
534;387;193714;16,83;8422,35;411;210737;17,87;9162,48
535;392;194106;17,04;8439,39;407;211144;17,70;9180,17
536;393;194499;17,09;8456,48;409;211553;17,78;9197,96
537;389;194888;16,91;8473,39;412;211965;17,91;9215,87
538;404;195292;17,57;8490,96;410;212375;17,83;9233,70
539;391;195683;17,00;8507,96;410;212785;17,83;9251,52
540;389;196072;16,91;8524,87;411;213196;17,87;9269,39
541;391;196463;17,00;8541,87;414;213610;18,00;9287,39
542;387;196850;16,83;8558,70;413;214023;17,96;9305,35
543;386;197236;16,78;8575,48;410;214433;17,83;9323,17
544;388;197624;16,87;8592,35;415;214848;18,04;9341,22
545;388;198012;16,87;8609,22;412;215260;17,91;9359,13
546;390;198402;16,96;8626,17;410;215670;17,83;9376,96
547;392;198794;17,04;8643,22;418;216088;18,17;9395,13
548;395;199189;17,17;8660,39;416;216504;18,09;9413,22
549;392;199581;17,04;8677,43;417;216921;18,13;9431,35
550;392;199973;17,04;8694,48;413;217334;17,96;9449,30
551;397;200370;17,26;8711,74;411;217745;17,87;9467,17
552;388;200758;16,87;8728,61;413;218158;17,96;9485,13
553;426;201184;18,52;8747,13;417;218575;18,13;9503,26
554;284;201468;12,35;8759,48;411;218986;17,87;9521,13
555;387;201855;16,83;8776,30;413;219399;17,96;9539,09
556;401;202256;17,43;8793,74;416;219815;18,09;9557,17
557;393;202649;17,09;8810,83;412;220227;17,91;9575,09
558;389;203038;16,91;8827,74;413;220640;17,96;9593,04
559;385;203423;16,74;8844,48;412;221052;17,91;9610,96
560;387;203810;16,83;8861,30;406;221458;17,65;9628,61
561;389;204199;16,91;8878,22;417;221875;18,13;9646,74
562;392;204591;17,04;8895,26;413;222288;17,96;9664,70
563;368;204959;16,00;8911,26;412;222700;17,91;9682,61
564;388;205347;16,87;8928,13;419;223119;18,22;9700,83
565;390;205737;16,96;8945,09;408;223527;17,74;9718,57
566;395;206132;17,17;8962,26;427;223954;18,57;9737,13
567;377;206509;16,39;8978,65;459;224413;19,96;9757,09
568;373;206882;16,22;8994,87;399;224812;17,35;9774,43
569;379;207261;16,48;9011,35;409;225221;17,78;9792,22
570;389;207650;16,91;9028,26;399;225620;17,35;9809,57
571;380;208030;16,52;9044,78;416;226036;18,09;9827,65
572;388;208418;16,87;9061,65;415;226451;18,04;9845,70
573;390;208808;16,96;9078,61;412;226863;17,91;9863,61
574;388;209196;16,87;9095,48;413;227276;17,96;9881,57
575;390;209586;16,96;9112,43;399;227675;17,35;9898,91
576;372;209958;16,17;9128,61;399;228074;17,35;9916,26
577;376;210334;16,35;9144,96;405;228479;17,61;9933,87
578;386;210720;16,78;9161,74;402;228881;17,48;9951,35
579;390;211110;16,96;9178,70;399;229280;17,35;9968,70
580;378;211488;16,43;9195,13;409;229689;17,78;9986,48
581;377;211865;16,39;9211,52;475;230164;20,65;10007,13
582;395;212260;17,17;9228,70;412;230576;17,91;10025,04
583;391;212651;17,00;9245,70;265;230841;11,52;10036,57
584;435;213086;18,91;9264,61;410;231251;17,83;10054,39
585;390;213476;16,96;9281,57;401;231652;17,43;10071,83
586;377;213853;16,39;9297,96;413;232065;17,96;10089,78
587;385;214238;16,74;9314,70;412;232477;17,91;10107,70
588;384;214622;16,70;9331,39;411;232888;17,87;10125,57
589;386;215008;16,78;9348,17;261;233149;11,35;10136,91
590;387;215395;16,83;9365,00;508;233657;22,09;10159,00
591;488;215883;21,22;9386,22;412;234069;17,91;10176,91
592;388;216271;16,87;9403,09;411;234480;17,87;10194,78
593;390;216661;16,96;9420,04;416;234896;18,09;10212,87
594;391;217052;17,00;9437,04;323;235219;14,04;10226,91
595;393;217445;17,09;9454,13;422;235641;18,35;10245,26
596;359;217804;15,61;9469,74;412;236053;17,91;10263,17
597;387;218191;16,83;9486,57;410;236463;17,83;10281,00
598;400;218591;17,39;9503,96;415;236878;18,04;10299,04
599;392;218983;17,04;9521,00;411;237289;17,87;10316,91
600;397;219380;17,26;9538,26;422;237711;18,35;10335,26
601;392;219772;17,04;9555,30;407;238118;17,70;10352,96
602;395;220167;17,17;9572,48;415;238533;18,04;10371,00
603;391;220558;17,00;9589,48;408;238941;17,74;10388,74
604;391;220949;17,00;9606,48;410;239351;17,83;10406,57
605;394;221343;17,13;9623,61;420;239771;18,26;10424,83
606;401;221744;17,43;9641,04;413;240184;17,96;10442,78
607;386;222130;16,78;9657,83;412;240596;17,91;10460,70
608;392;222522;17,04;9674,87;418;241014;18,17;10478,87
609;399;222921;17,35;9692,22;403;241417;17,52;10496,39
610;384;223305;16,70;9708,91;406;241823;17,65;10514,04
611;386;223691;16,78;9725,70;405;242228;17,61;10531,65
612;384;224075;16,70;9742,39;410;242638;17,83;10549,48
613;386;224461;16,78;9759,17;394;243032;17,13;10566,61
614;378;224839;16,43;9775,61;415;243447;18,04;10584,65
615;387;225226;16,83;9792,43;394;243841;17,13;10601,78
616;365;225591;15,87;9808,30;392;244233;17,04;10618,83
617;377;225968;16,39;9824,70;406;244639;17,65;10636,48
618;393;226361;17,09;9841,78;411;245050;17,87;10654,35
619;397;226758;17,26;9859,04;410;245460;17,83;10672,17
620;390;227148;16,96;9876,00;411;245871;17,87;10690,04
621;396;227544;17,22;9893,22;462;246333;20,09;10710,13
622;378;227922;16,43;9909,65;407;246740;17,70;10727,83
623;393;228315;17,09;9926,74;392;247132;17,04;10744,87
624;372;228687;16,17;9942,91;387;247519;16,83;10761,70
625;371;229058;16,13;9959,04;405;247924;17,61;10779,30
626;396;229454;17,22;9976,26;414;248338;18,00;10797,30
627;383;229837;16,65;9992,91;386;248724;16,78;10814,09
628;369;230206;16,04;10008,96;389;249113;16,91;10831,00
629;373;230579;16,22;10025,17;409;249522;17,78;10848,78
630;391;230970;17,00;10042,17;408;249930;17,74;10866,52
631;390;231360;16,96;10059,13;395;250325;17,17;10883,70
632;369;231729;16,04;10075,17;394;250719;17,13;10900,83
633;372;232101;16,17;10091,35;414;251133;18,00;10918,83
634;375;232476;16,30;10107,65;404;251537;17,57;10936,39
635;393;232869;17,09;10124,74;390;251927;16,96;10953,35
636;370;233239;16,09;10140,83;391;252318;17,00;10970,35
637;371;233610;16,13;10156,96;410;252728;17,83;10988,17
638;395;234005;17,17;10174,13;411;253139;17,87;11006,04
639;391;234396;17,00;10191,13;387;253526;16,83;11022,87
640;369;234765;16,04;10207,17;387;253913;16,83;11039,70
641;367;235132;15,96;10223,13;413;254326;17,96;11057,65
642;401;235533;17,43;10240,57;411;254737;17,87;11075,52
643;393;235926;17,09;10257,65;385;255122;16,74;11092,26
644;371;236297;16,13;10273,78;390;255512;16,96;11109,22
645;367;236664;15,96;10289,74;409;255921;17,78;11127,00
646;241;236905;10,48;10300,22;409;256330;17,78;11144,78
647;389;237294;16,91;10317,13;397;256727;17,26;11162,04
648;372;237666;16,17;10333,30;396;257123;17,22;11179,26
649;376;238042;16,35;10349,65;409;257532;17,78;11197,04
650;384;238426;16,70;10366,35;412;257944;17,91;11214,96
651;393;238819;17,09;10383,43;410;258354;17,83;11232,78
652;394;239213;17,13;10400,57;392;258746;17,04;11249,83
653;378;239591;16,43;10417,00;461;259207;20,04;11269,87
654;436;240027;18,96;10435,96;371;259578;16,13;11286,00
655;354;240381;15,39;10451,35;246;259824;10,70;11296,70
656;220;240601;9,57;10460,91;244;260068;10,61;11307,30
657;221;240822;9,61;10470,52;406;260474;17,65;11324,96
658;397;241219;17,26;10487,78;411;260885;17,87;11342,83
659;398;241617;17,30;10505,09;266;261151;11,57;11354,39
660;240;241857;10,43;10515,52;261;261412;11,35;11365,74
661;241;242098;10,48;10526,00;410;261822;17,83;11383,57
662;387;242485;16,83;10542,83;404;262226;17,57;11401,13
663;392;242877;17,04;10559,87;252;262478;10,96;11412,09
664;229;243106;9,96;10569,83;250;262728;10,87;11422,96
665;229;243335;9,96;10579,78;410;263138;17,83;11440,78
666;390;243725;16,96;10596,74;413;263551;17,96;11458,74
667;391;244116;17,00;10613,74;280;263831;12,17;11470,91
668;257;244373;11,17;10624,91;280;264111;12,17;11483,09
669;258;244631;11,22;10636,13;413;264524;17,96;11501,04
670;396;245027;17,22;10653,35;410;264934;17,83;11518,87
671;400;245427;17,39;10670,74;412;265346;17,91;11536,78
672;386;245813;16,78;10687,52;415;265761;18,04;11554,83
673;396;246209;17,22;10704,74;412;266173;17,91;11572,74
674;388;246597;16,87;10721,61;413;266586;17,96;11590,70
675;448;247045;19,48;10741,09;413;266999;17,96;11608,65
676;388;247433;16,87;10757,96;406;267405;17,65;11626,30
677;385;247818;16,74;10774,70;359;267764;15,61;11641,91
678;394;248212;17,13;10791,83;412;268176;17,91;11659,83
679;386;248598;16,78;10808,61;408;268584;17,74;11677,57
680;387;248985;16,83;10825,43;262;268846;11,39;11688,96
681;280;249265;12,17;10837,61;263;269109;11,43;11700,39
682;238;249503;10,35;10847,96;265;269374;11,52;11711,91
683;242;249745;10,52;10858,48;267;269641;11,61;11723,52
684;240;249985;10,43;10868,91;267;269908;11,61;11735,13
685;250;250235;10,87;10879,78;261;270169;11,35;11746,48
686;240;250475;10,43;10890,22;275;270444;11,96;11758,43
687;248;250723;10,78;10901,00;410;270854;17,83;11776,26
688;386;251109;16,78;10917,78;279;271133;12,13;11788,39
689;249;251358;10,83;10928,61;323;271456;14,04;11802,43
690;337;251695;14,65;10943,26;366;271822;15,91;11818,35
691;343;252038;14,91;10958,17;370;272192;16,09;11834,43
692;346;252384;15,04;10973,22;368;272560;16,00;11850,43
693;346;252730;15,04;10988,26;373;272933;16,22;11866,65
694;346;253076;15,04;11003,30;362;273295;15,74;11882,39
695;348;253424;15,13;11018,43;263;273558;11,43;11893,83
696;229;253653;9,96;11028,39;252;273810;10,96;11904,78
697;230;253883;10,00;11038,39;248;274058;10,78;11915,57
698;230;254113;10,00;11048,39;416;274474;18,09;11933,65
699;398;254511;17,30;11065,70;413;274887;17,96;11951,61
700;397;254908;17,26;11082,96;414;275301;18,00;11969,61
701;402;255310;17,48;11100,43;425;275726;18,48;11988,09
702;399;255709;17,35;11117,78;415;276141;18,04;12006,13
703;387;256096;16,83;11134,61;408;276549;17,74;12023,87
704;386;256482;16,78;11151,39;421;276970;18,30;12042,17
705;385;256867;16,74;11168,13;410;277380;17,83;12060,00
706;388;257255;16,87;11185,00;416;277796;18,09;12078,09
707;386;257641;16,78;11201,78;421;278217;18,30;12096,39
708;385;258026;16,74;11218,52;414;278631;18,00;12114,39
709;391;258417;17,00;11235,52;413;279044;17,96;12132,35
710;388;258805;16,87;11252,39;416;279460;18,09;12150,43
711;396;259201;17,22;11269,61;411;279871;17,87;12168,30
712;390;259591;16,96;11286,57;407;280278;17,70;12186,00
713;390;259981;16,96;11303,52;420;280698;18,26;12204,26
714;388;260369;16,87;11320,39;418;281116;18,17;12222,43
715;396;260765;17,22;11337,61;412;281528;17,91;12240,35
716;388;261153;16,87;11354,48;422;281950;18,35;12258,70
717;389;261542;16,91;11371,39;404;282354;17,57;12276,26
718;393;261935;17,09;11388,48;470;282824;20,43;12296,70
719;391;262326;17,00;11405,48;412;283236;17,91;12314,61
720;389;262715;16,91;11422,39;413;283649;17,96;12332,57
721;389;263104;16,91;11439,30;409;284058;17,78;12350,35
722;387;263491;16,83;11456,13;414;284472;18,00;12368,35
723;395;263886;17,17;11473,30;410;284882;17,83;12386,17
724;390;264276;16,96;11490,26;403;285285;17,52;12403,70
725;379;264655;16,48;11506,74;396;285681;17,22;12420,91
726;381;265036;16,57;11523,30;401;286082;17,43;12438,35
727;391;265427;17,00;11540,30;404;286486;17,57;12455,91
728;378;265805;16,43;11556,74;408;286894;17,74;12473,65
729;389;266194;16,91;11573,65;410;287304;17,83;12491,48
730;392;266586;17,04;11590,70;411;287715;17,87;12509,35
731;386;266972;16,78;11607,48;255;287970;11,09;12520,43
732;397;267369;17,26;11624,74;413;288383;17,96;12538,39
733;395;267764;17,17;11641,91;411;288794;17,87;12556,26
734;390;268154;16,96;11658,87;421;289215;18,30;12574,57
735;384;268538;16,70;11675,57;411;289626;17,87;12592,43
736;392;268930;17,04;11692,61;409;290035;17,78;12610,22
737;390;269320;16,96;11709,57;413;290448;17,96;12628,17
738;387;269707;16,83;11726,39;412;290860;17,91;12646,09
739;391;270098;17,00;11743,39;414;291274;18,00;12664,09
740;437;270535;19,00;11762,39;418;291692;18,17;12682,26
741;385;270920;16,74;11779,13;412;292104;17,91;12700,17
742;392;271312;17,04;11796,17;412;292516;17,91;12718,09
743;298;271610;12,96;11809,13;410;292926;17,83;12735,91
744;387;271997;16,83;11825,96;407;293333;17,70;12753,61
745;389;272386;16,91;11842,87;396;293729;17,22;12770,83
746;370;272756;16,09;11858,96;404;294133;17,57;12788,39
747;370;273126;16,09;11875,04;396;294529;17,22;12805,61
748;377;273503;16,39;11891,43;415;294944;18,04;12823,65
749;391;273894;17,00;11908,43;415;295359;18,04;12841,70
750;389;274283;16,91;11925,35;405;295764;17,61;12859,30
751;392;274675;17,04;11942,39;408;296172;17,74;12877,04
752;391;275066;17,00;11959,39;410;296582;17,83;12894,87
753;390;275456;16,96;11976,35;410;296992;17,83;12912,70
754;387;275843;16,83;11993,17;417;297409;18,13;12930,83
755;391;276234;17,00;12010,17;415;297824;18,04;12948,87
756;620;276854;26,96;12037,13;407;298231;17,70;12966,57
757;233;277087;10,13;12047,26;412;298643;17,91;12984,48
758;316;277403;13,74;12061,00;412;299055;17,91;13002,39
759;391;277794;17,00;12078,00;392;299447;17,04;13019,43
760;369;278163;16,04;12094,04;396;299843;17,22;13036,65
761;372;278535;16,17;12110,22;392;300235;17,04;13053,70
762;368;278903;16,00;12126,22;398;300633;17,30;13071,00
763;368;279271;16,00;12142,22;396;301029;17,22;13088,22
764;371;279642;16,13;12158,35;384;301413;16,70;13104,91
765;371;280013;16,13;12174,48;406;301819;17,65;13122,57
766;383;280396;16,65;12191,13;408;302227;17,74;13140,30
767;386;280782;16,78;12207,91;409;302636;17,78;13158,09
768;383;281165;16,65;12224,57;413;303049;17,96;13176,04
769;390;281555;16,96;12241,52;414;303463;18,00;13194,04
770;383;281938;16,65;12258,17;407;303870;17,70;13211,74
771;594;282532;25,83;12284,00;415;304285;18,04;13229,78
772;388;282920;16,87;12300,87;408;304693;17,74;13247,52
773;387;283307;16,83;12317,70;418;305111;18,17;13265,70
774;391;283698;17,00;12334,70;416;305527;18,09;13283,78
775;388;284086;16,87;12351,57;409;305936;17,78;13301,57
776;388;284474;16,87;12368,43;440;306376;19,13;13320,70
777;388;284862;16,87;12385,30;409;306785;17,78;13338,48
778;385;285247;16,74;12402,04;413;307198;17,96;13356,43
779;387;285634;16,83;12418,87;408;307606;17,74;13374,17
780;387;286021;16,83;12435,70;415;308021;18,04;13392,22
781;387;286408;16,83;12452,52;418;308439;18,17;13410,39
782;392;286800;17,04;12469,57;416;308855;18,09;13428,48
783;395;287195;17,17;12486,74;422;309277;18,35;13446,83
784;389;287584;16,91;12503,65;407;309684;17,70;13464,52
785;391;287975;17,00;12520,65;409;310093;17,78;13482,30
786;394;288369;17,13;12537,78;419;310512;18,22;13500,52
787;390;288759;16,96;12554,74;413;310925;17,96;13518,48
788;385;289144;16,74;12571,48;413;311338;17,96;13536,43
789;388;289532;16,87;12588,35;410;311748;17,83;13554,26
790;384;289916;16,70;12605,04;404;312152;17,57;13571,83
791;387;290303;16,83;12621,87;411;312563;17,87;13589,70
792;390;290693;16,96;12638,83;415;312978;18,04;13607,74
793;388;291081;16,87;12655,70;409;313387;17,78;13625,52
794;396;291477;17,22;12672,91;411;313798;17,87;13643,39
795;394;291871;17,13;12690,04;414;314212;18,00;13661,39
796;385;292256;16,74;12706,78;411;314623;17,87;13679,26
797;396;292652;17,22;12724,00;416;315039;18,09;13697,35
798;391;293043;17,00;12741,00;416;315455;18,09;13715,43
799;390;293433;16,96;12757,96;408;315863;17,74;13733,17
800;389;293822;16,91;12774,87;404;316267;17,57;13750,74
801;389;294211;16,91;12791,78;418;316685;18,17;13768,91
802;388;294599;16,87;12808,65;408;317093;17,74;13786,65
803;393;294992;17,09;12825,74;408;317501;17,74;13804,39
804;388;295380;16,87;12842,61;540;318041;23,48;13827,87
805;331;295711;14,39;12857,00;409;318450;17,78;13845,65
806;386;296097;16,78;12873,78;411;318861;17,87;13863,52
807;386;296483;16,78;12890,57;414;319275;18,00;13881,52
808;385;296868;16,74;12907,30;411;319686;17,87;13899,39
809;432;297300;18,78;12926,09;405;320091;17,61;13917,00
810;387;297687;16,83;12942,91;409;320500;17,78;13934,78
811;387;298074;16,83;12959,74;417;320917;18,13;13952,91
812;392;298466;17,04;12976,78;414;321331;18,00;13970,91
813;387;298853;16,83;12993,61;411;321742;17,87;13988,78
814;385;299238;16,74;13010,35;263;322005;11,43;14000,22
815;388;299626;16,87;13027,22;415;322420;18,04;14018,26
816;384;300010;16,70;13043,91;410;322830;17,83;14036,09
817;386;300396;16,78;13060,70;411;323241;17,87;14053,96
818;389;300785;16,91;13077,61;409;323650;17,78;14071,74
819;391;301176;17,00;13094,61;409;324059;17,78;14089,52
820;386;301562;16,78;13111,39;410;324469;17,83;14107,35
821;387;301949;16,83;13128,22;416;324885;18,09;14125,43
822;390;302339;16,96;13145,17;414;325299;18,00;14143,43
823;389;302728;16,91;13162,09;415;325714;18,04;14161,48
824;398;303126;17,30;13179,39;414;326128;18,00;14179,48
825;385;303511;16,74;13196,13;262;326390;11,39;14190,87
826;389;303900;16,91;13213,04;405;326795;17,61;14208,48
827;389;304289;16,91;13229,96;412;327207;17,91;14226,39
828;385;304674;16,74;13246,70;411;327618;17,87;14244,26
829;389;305063;16,91;13263,61;413;328031;17,96;14262,22
830;390;305453;16,96;13280,57;411;328442;17,87;14280,09
831;389;305842;16,91;13297,48;416;328858;18,09;14298,17
832;388;306230;16,87;13314,35;411;329269;17,87;14316,04
833;393;306623;17,09;13331,43;410;329679;17,83;14333,87
834;390;307013;16,96;13348,39;410;330089;17,83;14351,70
835;391;307404;17,00;13365,39;411;330500;17,87;14369,57
836;300;307704;13,04;13378,43;410;330910;17,83;14387,39
837;383;308087;16,65;13395,09;279;331189;12,13;14399,52
838;286;308373;12,43;13407,52;283;331472;12,30;14411,83
839;257;308630;11,17;13418,70;265;331737;11,52;14423,35
840;236;308866;10,26;13428,96;257;331994;11,17;14434,52
841;238;309104;10,35;13439,30;260;332254;11,30;14445,83
842;237;309341;10,30;13449,61;375;332629;16,30;14462,13
843;387;309728;16,83;13466,43;409;333038;17,78;14479,91
844;389;310117;16,91;13483,35;405;333443;17,61;14497,52
845;390;310507;16,96;13500,30;412;333855;17,91;14515,43
846;393;310900;17,09;13517,39;411;334266;17,87;14533,30
847;384;311284;16,70;13534,09;414;334680;18,00;14551,30
848;383;311667;16,65;13550,74;424;335104;18,43;14569,74
849;393;312060;17,09;13567,83;411;335515;17,87;14587,61
850;388;312448;16,87;13584,70;411;335926;17,87;14605,48
851;389;312837;16,91;13601,61;417;336343;18,13;14623,61
852;390;313227;16,96;13618,57;257;336600;11,17;14634,78
853;230;313457;10,00;13628,57;257;336857;11,17;14645,96
854;240;313697;10,43;13639,00;265;337122;11,52;14657,48
855;244;313941;10,61;13649,61;271;337393;11,78;14669,26
856;244;314185;10,61;13660,22;260;337653;11,30;14680,57
857;241;314426;10,48;13670,70;257;337910;11,17;14691,74
858;241;314667;10,48;13681,17;263;338173;11,43;14703,17
859;246;314913;10,70;13691,87;263;338436;11,43;14714,61
860;252;315165;10,96;13702,83;260;338696;11,30;14725,91
861;236;315401;10,26;13713,09;254;338950;11,04;14736,96
862;240;315641;10,43;13723,52;411;339361;17,87;14754,83
863;388;316029;16,87;13740,39;415;339776;18,04;14772,87
864;389;316418;16,91;13757,30;261;340037;11,35;14784,22
865;236;316654;10,26;13767,57;260;340297;11,30;14795,52
866;239;316893;10,39;13777,96;412;340709;17,91;14813,43
867;388;317281;16,87;13794,83;492;341201;21,39;14834,83
868;390;317671;16,96;13811,78;257;341458;11,17;14846,00
869;238;317909;10,35;13822,13;265;341723;11,52;14857,52
870;237;318146;10,30;13832,43;408;342131;17,74;14875,26
871;386;318532;16,78;13849,22;410;342541;17,83;14893,09
872;389;318921;16,91;13866,13;255;342796;11,09;14904,17
873;238;319159;10,35;13876,48;261;343057;11,35;14915,52
874;236;319395;10,26;13886,74;410;343467;17,83;14933,35
875;398;319793;17,30;13904,04;408;343875;17,74;14951,09
876;388;320181;16,87;13920,91;259;344134;11,26;14962,35
877;240;320421;10,43;13931,35;257;344391;11,17;14973,52
878;241;320662;10,48;13941,83;266;344657;11,57;14985,09
879;246;320908;10,70;13952,52;270;344927;11,74;14996,83
880;248;321156;10,78;13963,30;255;345182;11,09;15007,91
881;239;321395;10,39;13973,70;258;345440;11,22;15019,13
882;235;321630;10,22;13983,91;267;345707;11,61;15030,74
883;251;321881;10,91;13994,83;345;346052;15,00;15045,74
884;323;322204;14,04;14008,87;258;346310;11,22;15056,96
885;236;322440;10,26;14019,13;258;346568;11,22;15068,17
886;235;322675;10,22;14029,35;282;346850;12,26;15080,43
887;244;322919;10,61;14039,96;402;347252;17,48;15097,91
888;384;323303;16,70;14056,65;259;347511;11,26;15109,17
889;239;323542;10,39;14067,04;264;347775;11,48;15120,65
890;240;323782;10,43;14077,48;407;348182;17,70;15138,35
891;388;324170;16,87;14094,35;406;348588;17,65;15156,00
892;388;324558;16,87;14111,22;257;348845;11,17;15167,17
893;234;324792;10,17;14121,39;257;349102;11,17;15178,35
894;236;325028;10,26;14131,65;269;349371;11,70;15190,04
895;248;325276;10,78;14142,43;411;349782;17,87;15207,91
896;385;325661;16,74;14159,17;256;350038;11,13;15219,04
897;239;325900;10,39;14169,57;260;350298;11,30;15230,35
898;232;326132;10,09;14179,65;419;350717;18,22;15248,57
899;437;326569;19,00;14198,65;290;351007;12,61;15261,17
900;265;326834;11,52;14210,17;264;351271;11,48;15272,65
901;235;327069;10,22;14220,39;259;351530;11,26;15283,91
902;236;327305;10,26;14230,65;410;351940;17,83;15301,74
903;429;327734;18,65;14249,30;406;352346;17,65;15319,39
904;387;328121;16,83;14266,13;259;352605;11,26;15330,65
905;236;328357;10,26;14276,39;258;352863;11,22;15341,87
906;233;328590;10,13;14286,52;409;353272;17,78;15359,65
907;389;328979;16,91;14303,43;406;353678;17,65;15377,30
908;389;329368;16,91;14320,35;260;353938;11,30;15388,61
909;237;329605;10,30;14330,65;259;354197;11,26;15399,87
910;239;329844;10,39;14341,04;406;354603;17,65;15417,52
911;390;330234;16,96;14358,00;369;354972;16,04;15433,57
912;344;330578;14,96;14372,96;361;355333;15,70;15449,26
913;344;330922;14,96;14387,91;365;355698;15,87;15465,13
914;341;331263;14,83;14402,74;407;356105;17,70;15482,83
915;383;331646;16,65;14419,39;414;356519;18,00;15500,83
916;395;332041;17,17;14436,57;361;356880;15,70;15516,52
917;342;332383;14,87;14451,43;369;357249;16,04;15532,57
918;344;332727;14,96;14466,39;411;357660;17,87;15550,43
919;393;333120;17,09;14483,48;372;358032;16,17;15566,61
920;350;333470;15,22;14498,70;359;358391;15,61;15582,22
921;340;333810;14,78;14513,48;358;358749;15,57;15597,78
922;345;334155;15,00;14528,48;416;359165;18,09;15615,87
923;389;334544;16,91;14545,39;405;359570;17,61;15633,48
924;389;334933;16,91;14562,30;263;359833;11,43;15644,91
925;256;335189;11,13;14573,43;257;360090;11,17;15656,09
926;250;335439;10,87;14584,30;254;360344;11,04;15667,13
927;410;335849;17,83;14602,13;289;360633;12,57;15679,70
928;283;336132;12,30;14614,43;254;360887;11,04;15690,74
929;239;336371;10,39;14624,83;260;361147;11,30;15702,04
930;235;336606;10,22;14635,04;408;361555;17,74;15719,78
931;387;336993;16,83;14651,87;272;361827;11,83;15731,61
932;242;337235;10,52;14662,39;290;362117;12,61;15744,22
933;264;337499;11,48;14673,87;272;362389;11,83;15756,04
934;245;337744;10,65;14684,52;268;362657;11,65;15767,70
935;248;337992;10,78;14695,30;405;363062;17,61;15785,30
936;388;338380;16,87;14712,17;406;363468;17,65;15802,96
937;388;338768;16,87;14729,04;405;363873;17,61;15820,57
938;389;339157;16,91;14745,96;372;364245;16,17;15836,74
939;353;339510;15,35;14761,30;407;364652;17,70;15854,43
940;385;339895;16,74;14778,04;378;365030;16,43;15870,87
941;355;340250;15,43;14793,48;409;365439;17,78;15888,65
942;389;340639;16,91;14810,39;261;365700;11,35;15900,00
943;391;341030;17,00;14827,39;416;366116;18,09;15918,09
944;390;341420;16,96;14844,35;409;366525;17,78;15935,87
945;388;341808;16,87;14861,22;408;366933;17,74;15953,61
946;386;342194;16,78;14878,00;415;367348;18,04;15971,65
947;395;342589;17,17;14895,17;407;367755;17,70;15989,35
948;389;342978;16,91;14912,09;416;368171;18,09;16007,43
949;387;343365;16,83;14928,91;410;368581;17,83;16025,26
950;387;343752;16,83;14945,74;409;368990;17,78;16043,04
951;391;344143;17,00;14962,74;414;369404;18,00;16061,04
952;385;344528;16,74;14979,48;420;369824;18,26;16079,30
953;388;344916;16,87;14996,35;407;370231;17,70;16097,00
954;388;345304;16,87;15013,22;411;370642;17,87;16114,87
955;396;345700;17,22;15030,43;401;371043;17,43;16132,30
956;385;346085;16,74;15047,17;412;371455;17,91;16150,22
957;383;346468;16,65;15063,83;286;371741;12,43;16162,65
958;255;346723;11,09;15074,91;410;372151;17,83;16180,48
959;392;347115;17,04;15091,96;280;372431;12,17;16192,65
960;259;347374;11,26;15103,22;279;372710;12,13;16204,78
961;261;347635;11,35;15114,57;279;372989;12,13;16216,91
962;257;347892;11,17;15125,74;409;373398;17,78;16234,70
963;387;348279;16,83;15142,57;408;373806;17,74;16252,43
964;389;348668;16,91;15159,48;405;374211;17,61;16270,04
965;388;349056;16,87;15176,35;506;374717;22,00;16292,04
966;503;349559;21,87;15198,22;416;375133;18,09;16310,13
967;387;349946;16,83;15215,04;416;375549;18,09;16328,22
968;387;350333;16,83;15231,87;417;375966;18,13;16346,35
969;391;350724;17,00;15248,87;369;376335;16,04;16362,39
970;389;351113;16,91;15265,78;468;376803;20,35;16382,74
971;447;351560;19,43;15285,22;235;377038;10,22;16392,96
972;208;351768;9,04;15294,26;501;377539;21,78;16414,74
973;384;352152;16,70;15310,96;416;377955;18,09;16432,83
974;236;352388;10,26;15321,22;412;378367;17,91;16450,74
975;385;352773;16,74;15337,96;618;378985;26,87;16477,61
976;614;353387;26,70;15364,65;410;379395;17,83;16495,43
977;390;353777;16,96;15381,61;62;379457;2,70;16498,13
978;28;353805;1,22;15382,83;60;379517;2,61;16500,74
979;29;353834;1,26;15384,09;407;379924;17,70;16518,43
980;393;354227;17,09;15401,17;62;379986;2,70;16521,13
981;29;354256;1,26;15402,43;408;380394;17,74;16538,87
982;304;354560;13,22;15415,65;409;380803;17,78;16556,65
983;386;354946;16,78;15432,43;410;381213;17,83;16574,48
984;396;355342;17,22;15449,65;60;381273;2,61;16577,09
