"MUT";"SRUN";"SCT";"SAVGTCT";"SCTCT";"TRUN";"TCT";"TAVGTCT";"TCTCT"
1;428;428;4,46;4,46;422;422;4,40;4,40
2;421;849;4,39;8,84;424;846;4,42;8,81
3;421;1270;4,39;13,23;420;1266;4,38;13,19
4;422;1692;4,40;17,63;418;1684;4,35;17,54
5;426;2118;4,44;22,06;417;2101;4,34;21,89
6;424;2542;4,42;26,48;419;2520;4,36;26,25
7;424;2966;4,42;30,90;417;2937;4,34;30,59
8;427;3393;4,45;35,34;419;3356;4,36;34,96
9;421;3814;4,39;39,73;420;3776;4,38;39,33
10;420;4234;4,38;44,10;419;4195;4,36;43,70
11;421;4655;4,39;48,49;419;4614;4,36;48,06
12;422;5077;4,40;52,89;420;5034;4,38;52,44
13;418;5495;4,35;57,24;421;5455;4,39;56,82
14;423;5918;4,41;61,65;422;5877;4,40;61,22
15;424;6342;4,42;66,06;416;6293;4,33;65,55
16;421;6763;4,39;70,45;419;6712;4,36;69,92
17;424;7187;4,42;74,86;420;7132;4,38;74,29
18;421;7608;4,39;79,25;423;7555;4,41;78,70
19;422;8030;4,40;83,65;422;7977;4,40;83,09
20;422;8452;4,40;88,04;418;8395;4,35;87,45
21;420;8872;4,38;92,42;414;8809;4,31;91,76
22;417;9289;4,34;96,76;417;9226;4,34;96,10
23;422;9711;4,40;101,16;416;9642;4,33;100,44
24;423;10134;4,41;105,56;417;10059;4,34;104,78
25;421;10555;4,39;109,95;417;10476;4,34;109,13
26;419;10974;4,36;114,31;421;10897;4,39;113,51
27;423;11397;4,41;118,72;424;11321;4,42;117,93
28;423;11820;4,41;123,13;420;11741;4,38;122,30
29;422;12242;4,40;127,52;419;12160;4,36;126,67
30;423;12665;4,41;131,93;427;12587;4,45;131,11
31;422;13087;4,40;136,32;2326;14913;24,23;155,34
32;419;13506;4,36;140,69;417;15330;4,34;159,69
33;419;13925;4,36;145,05;417;15747;4,34;164,03
34;425;14350;4,43;149,48;422;16169;4,40;168,43
35;417;14767;4,34;153,82;417;16586;4,34;172,77
36;421;15188;4,39;158,21;418;17004;4,35;177,13
37;421;15609;4,39;162,59;415;17419;4,32;181,45
38;421;16030;4,39;166,98;414;17833;4,31;185,76
39;421;16451;4,39;171,36;417;18250;4,34;190,10
40;421;16872;4,39;175,75;415;18665;4,32;194,43
41;421;17293;4,39;180,14;414;19079;4,31;198,74
42;422;17715;4,40;184,53;415;19494;4,32;203,06
43;420;18135;4,38;188,91;416;19910;4,33;207,40
44;419;18554;4,36;193,27;416;20326;4,33;211,73
45;420;18974;4,38;197,65;416;20742;4,33;216,06
46;420;19394;4,38;202,02;417;21159;4,34;220,41
47;425;19819;4,43;206,45;416;21575;4,33;224,74
48;425;20244;4,43;210,88;414;21989;4,31;229,05
49;419;20663;4,36;215,24;416;22405;4,33;233,39
50;425;21088;4,43;219,67;416;22821;4,33;237,72
51;425;21513;4,43;224,09;415;23236;4,32;242,04
52;423;21936;4,41;228,50;419;23655;4,36;246,41
53;420;22356;4,38;232,88;416;24071;4,33;250,74
54;420;22776;4,38;237,25;415;24486;4,32;255,06
55;418;23194;4,35;241,60;418;24904;4,35;259,42
56;419;23613;4,36;245,97;417;25321;4,34;263,76
57;424;24037;4,42;250,39;418;25739;4,35;268,11
58;424;24461;4,42;254,80;417;26156;4,34;272,46
59;424;24885;4,42;259,22;416;26572;4,33;276,79
60;421;25306;4,39;263,60;414;26986;4,31;281,10
61;423;25729;4,41;268,01;416;27402;4,33;285,44
62;424;26153;4,42;272,43;419;27821;4,36;289,80
63;420;26573;4,38;276,80;416;28237;4,33;294,14
64;422;26995;4,40;281,20;445;28682;4,64;298,77
65;422;27417;4,40;285,59;423;29105;4,41;303,18
66;421;27838;4,39;289,98;423;29528;4,41;307,58
67;452;28290;4,71;294,69;419;29947;4,36;311,95
68;394;28684;4,10;298,79;420;30367;4,38;316,32
69;395;29079;4,11;302,91;417;30784;4,34;320,67
70;396;29475;4,13;307,03;419;31203;4,36;325,03
71;396;29871;4,13;311,16;421;31624;4,39;329,42
72;390;30261;4,06;315,22;418;32042;4,35;333,77
73;391;30652;4,07;319,29;419;32461;4,36;338,14
74;394;31046;4,10;323,40;419;32880;4,36;342,50
75;388;31434;4,04;327,44;420;33300;4,38;346,88
76;388;31822;4,04;331,48;419;33719;4,36;351,24
77;392;32214;4,08;335,56;419;34138;4,36;355,60
78;396;32610;4,13;339,69;421;34559;4,39;359,99
79;395;33005;4,11;343,80;415;34974;4,32;364,31
80;393;33398;4,09;347,90;419;35393;4,36;368,68
81;390;33788;4,06;351,96;420;35813;4,38;373,05
82;396;34184;4,13;356,08;416;36229;4,33;377,39
83;391;34575;4,07;360,16;424;36653;4,42;381,80
84;392;34967;4,08;364,24;418;37071;4,35;386,16
85;396;35363;4,13;368,36;419;37490;4,36;390,52
86;389;35752;4,05;372,42;419;37909;4,36;394,89
87;398;36150;4,15;376,56;416;38325;4,33;399,22
88;397;36547;4,14;380,70;421;38746;4,39;403,60
89;396;36943;4,13;384,82;419;39165;4,36;407,97
90;398;37341;4,15;388,97;418;39583;4,35;412,32
91;392;37733;4,08;393,05;420;40003;4,38;416,70
92;392;38125;4,08;397,14;422;40425;4,40;421,09
93;393;38518;4,09;401,23;419;40844;4,36;425,46
94;392;38910;4,08;405,31;417;41261;4,34;429,80
95;393;39303;4,09;409,41;420;41681;4,38;434,18
96;394;39697;4,10;413,51;421;42102;4,39;438,56
97;392;40089;4,08;417,59;447;42549;4,66;443,22
98;381;40470;3,97;421,56;413;42962;4,30;447,52
99;385;40855;4,01;425,57;409;43371;4,26;451,78
100;395;41250;4,11;429,69;416;43787;4,33;456,11
101;396;41646;4,13;433,81;418;44205;4,35;460,47
102;384;42030;4,00;437,81;404;44609;4,21;464,68
103;393;42423;4,09;441,91;417;45026;4,34;469,02
104;393;42816;4,09;446,00;418;45444;4,35;473,38
105;385;43201;4,01;450,01;407;45851;4,24;477,61
106;394;43595;4,10;454,11;418;46269;4,35;481,97
107;390;43985;4,06;458,18;416;46685;4,33;486,30
108;394;44379;4,10;462,28;418;47103;4,35;490,66
109;394;44773;4,10;466,39;416;47519;4,33;494,99
110;394;45167;4,10;470,49;418;47937;4,35;499,34
111;394;45561;4,10;474,59;417;48354;4,34;503,69
112;394;45955;4,10;478,70;416;48770;4,33;508,02
113;392;46347;4,08;482,78;421;49191;4,39;512,41
114;389;46736;4,05;486,83;410;49601;4,27;516,68
115;386;47122;4,02;490,85;409;50010;4,26;520,94
116;391;47513;4,07;494,93;418;50428;4,35;525,29
117;394;47907;4,10;499,03;414;50842;4,31;529,60
118;394;48301;4,10;503,14;414;51256;4,31;533,92
119;389;48690;4,05;507,19;413;51669;4,30;538,22
120;397;49087;4,14;511,32;414;52083;4,31;542,53
121;393;49480;4,09;515,42;417;52500;4,34;546,88
122;395;49875;4,11;519,53;419;52919;4,36;551,24
123;394;50269;4,10;523,64;415;53334;4,32;555,56
124;394;50663;4,10;527,74;414;53748;4,31;559,88
125;391;51054;4,07;531,81;416;54164;4,33;564,21
126;391;51445;4,07;535,89;415;54579;4,32;568,53
127;394;51839;4,10;539,99;417;54996;4,34;572,88
128;390;52229;4,06;544,05;417;55413;4,34;577,22
129;389;52618;4,05;548,10;419;55832;4,36;581,58
130;391;53009;4,07;552,18;458;56290;4,77;586,35
131;396;53405;4,13;556,30;419;56709;4,36;590,72
132;393;53798;4,09;560,40;418;57127;4,35;595,07
133;447;54245;4,66;565,05;420;57547;4,38;599,45
134;392;54637;4,08;569,14;424;57971;4,42;603,86
135;396;55033;4,13;573,26;416;58387;4,33;608,20
136;398;55431;4,15;577,41;415;58802;4,32;612,52
137;399;55830;4,16;581,56;420;59222;4,38;616,90
138;392;56222;4,08;585,65;422;59644;4,40;621,29
139;392;56614;4,08;589,73;416;60060;4,33;625,63
140;399;57013;4,16;593,89;416;60476;4,33;629,96
141;396;57409;4,13;598,01;419;60895;4,36;634,32
142;398;57807;4,15;602,16;428;61323;4,46;638,78
143;395;58202;4,11;606,27;416;61739;4,33;643,11
144;393;58595;4,09;610,36;416;62155;4,33;647,45
145;400;58995;4,17;614,53;416;62571;4,33;651,78
146;396;59391;4,13;618,66;420;62991;4,38;656,16
147;392;59783;4,08;622,74;414;63405;4,31;660,47
148;398;60181;4,15;626,89;420;63825;4,38;664,84
149;396;60577;4,13;631,01;419;64244;4,36;669,21
150;393;60970;4,09;635,10;413;64657;4,30;673,51
151;396;61366;4,13;639,23;417;65074;4,34;677,85
152;393;61759;4,09;643,32;416;65490;4,33;682,19
153;393;62152;4,09;647,42;416;65906;4,33;686,52
154;393;62545;4,09;651,51;415;66321;4,32;690,84
155;390;62935;4,06;655,57;415;66736;4,32;695,17
156;389;63324;4,05;659,63;416;67152;4,33;699,50
157;391;63715;4,07;663,70;417;67569;4,34;703,84
158;390;64105;4,06;667,76;414;67983;4,31;708,16
159;395;64500;4,11;671,88;416;68399;4,33;712,49
160;394;64894;4,10;675,98;417;68816;4,34;716,83
161;393;65287;4,09;680,07;418;69234;4,35;721,19
162;394;65681;4,10;684,18;416;69650;4,33;725,52
163;393;66074;4,09;688,27;457;70107;4,76;730,28
164;393;66467;4,09;692,36;423;70530;4,41;734,69
165;394;66861;4,10;696,47;417;70947;4,34;739,03
166;390;67251;4,06;700,53;416;71363;4,33;743,36
167;395;67646;4,11;704,65;416;71779;4,33;747,70
168;393;68039;4,09;708,74;417;72196;4,34;752,04
169;395;68434;4,11;712,85;415;72611;4,32;756,36
170;395;68829;4,11;716,97;423;73034;4,41;760,77
171;393;69222;4,09;721,06;420;73454;4,38;765,15
172;395;69617;4,11;725,18;418;73872;4,35;769,50
173;394;70011;4,10;729,28;415;74287;4,32;773,82
174;393;70404;4,09;733,38;414;74701;4,31;778,14
175;385;70789;4,01;737,39;410;75111;4,27;782,41
176;393;71182;4,09;741,48;417;75528;4,34;786,75
177;394;71576;4,10;745,58;415;75943;4,32;791,07
178;322;71898;3,35;748,94;347;76290;3,61;794,69
179;393;72291;4,09;753,03;429;76719;4,47;799,16
180;381;72672;3,97;757,00;411;77130;4,28;803,44
181;325;72997;3,39;760,39;349;77479;3,64;807,07
182;362;73359;3,77;764,16;386;77865;4,02;811,09
183;395;73754;4,11;768,27;418;78283;4,35;815,45
184;393;74147;4,09;772,36;419;78702;4,36;819,81
185;394;74541;4,10;776,47;417;79119;4,34;824,16
186;392;74933;4,08;780,55;417;79536;4,34;828,50
187;387;75320;4,03;784,58;418;79954;4,35;832,85
188;393;75713;4,09;788,68;416;80370;4,33;837,19
189;395;76108;4,11;792,79;417;80787;4,34;841,53
190;392;76500;4,08;796,88;418;81205;4,35;845,89
191;395;76895;4,11;800,99;415;81620;4,32;850,21
192;396;77291;4,13;805,11;417;82037;4,34;854,55
193;395;77686;4,11;809,23;416;82453;4,33;858,89
194;393;78079;4,09;813,32;418;82871;4,35;863,24
195;393;78472;4,09;817,42;416;83287;4,33;867,57
196;392;78864;4,08;821,50;418;83705;4,35;871,93
197;397;79261;4,14;825,64;433;84138;4,51;876,44
198;397;79658;4,14;829,77;422;84560;4,40;880,83
199;336;79994;3,50;833,27;360;84920;3,75;884,58
200;446;80440;4,65;837,92;417;85337;4,34;888,93
201;393;80833;4,09;842,01;415;85752;4,32;893,25
202;396;81229;4,13;846,14;416;86168;4,33;897,58
203;392;81621;4,08;850,22;416;86584;4,33;901,92
204;394;82015;4,10;854,32;416;87000;4,33;906,25
205;383;82398;3,99;858,31;411;87411;4,28;910,53
206;394;82792;4,10;862,42;416;87827;4,33;914,86
207;388;83180;4,04;866,46;416;88243;4,33;919,20
208;393;83573;4,09;870,55;416;88659;4,33;923,53
209;392;83965;4,08;874,64;420;89079;4,38;927,91
210;391;84356;4,07;878,71;413;89492;4,30;932,21
211;395;84751;4,11;882,82;413;89905;4,30;936,51
212;392;85143;4,08;886,91;418;90323;4,35;940,86
213;394;85537;4,10;891,01;417;90740;4,34;945,21
214;394;85931;4,10;895,11;415;91155;4,32;949,53
215;398;86329;4,15;899,26;416;91571;4,33;953,86
216;396;86725;4,13;903,39;414;91985;4,31;958,18
217;393;87118;4,09;907,48;414;92399;4,31;962,49
218;394;87512;4,10;911,58;417;92816;4,34;966,83
219;392;87904;4,08;915,67;416;93232;4,33;971,17
220;392;88296;4,08;919,75;414;93646;4,31;975,48
221;391;88687;4,07;923,82;414;94060;4,31;979,79
222;392;89079;4,08;927,91;416;94476;4,33;984,13
223;393;89472;4,09;932,00;416;94892;4,33;988,46
224;390;89862;4,06;936,06;416;95308;4,33;992,79
225;393;90255;4,09;940,16;416;95724;4,33;997,13
226;392;90647;4,08;944,24;415;96139;4,32;1001,45
227;397;91044;4,14;948,38;417;96556;4,34;1005,79
228;395;91439;4,11;952,49;416;96972;4,33;1010,13
229;391;91830;4,07;956,56;417;97389;4,34;1014,47
230;395;92225;4,11;960,68;453;97842;4,72;1019,19
231;394;92619;4,10;964,78;414;98256;4,31;1023,50
232;391;93010;4,07;968,85;416;98672;4,33;1027,83
233;389;93399;4,05;972,91;417;99089;4,34;1032,18
234;389;93788;4,05;976,96;414;99503;4,31;1036,49
235;391;94179;4,07;981,03;419;99922;4,36;1040,85
236;394;94573;4,10;985,14;418;100340;4,35;1045,21
237;390;94963;4,06;989,20;416;100756;4,33;1049,54
238;392;95355;4,08;993,28;420;101176;4,38;1053,92
239;390;95745;4,06;997,34;415;101591;4,32;1058,24
240;394;96139;4,10;1001,45;415;102006;4,32;1062,56
241;391;96530;4,07;1005,52;419;102425;4,36;1066,93
242;394;96924;4,10;1009,63;416;102841;4,33;1071,26
243;394;97318;4,10;1013,73;414;103255;4,31;1075,57
244;391;97709;4,07;1017,80;414;103669;4,31;1079,89
245;393;98102;4,09;1021,90;416;104085;4,33;1084,22
246;390;98492;4,06;1025,96;420;104505;4,38;1088,59
247;391;98883;4,07;1030,03;417;104922;4,34;1092,94
248;391;99274;4,07;1034,10;416;105338;4,33;1097,27
249;393;99667;4,09;1038,20;418;105756;4,35;1101,63
250;394;100061;4,10;1042,30;415;106171;4,32;1105,95
251;392;100453;4,08;1046,39;418;106589;4,35;1110,30
252;392;100845;4,08;1050,47;416;107005;4,33;1114,64
253;395;101240;4,11;1054,58;420;107425;4,38;1119,01
254;394;101634;4,10;1058,69;420;107845;4,38;1123,39
255;390;102024;4,06;1062,75;418;108263;4,35;1127,74
256;389;102413;4,05;1066,80;416;108679;4,33;1132,07
257;394;102807;4,10;1070,91;412;109091;4,29;1136,36
258;394;103201;4,10;1075,01;416;109507;4,33;1140,70
259;393;103594;4,09;1079,10;415;109922;4,32;1145,02
260;391;103985;4,07;1083,18;418;110340;4,35;1149,38
261;394;104379;4,10;1087,28;414;110754;4,31;1153,69
262;393;104772;4,09;1091,38;417;111171;4,34;1158,03
263;394;105166;4,10;1095,48;464;111635;4,83;1162,86
264;388;105554;4,04;1099,52;421;112056;4,39;1167,25
265;391;105945;4,07;1103,59;419;112475;4,36;1171,61
266;441;106386;4,59;1108,19;417;112892;4,34;1175,96
267;393;106779;4,09;1112,28;418;113310;4,35;1180,31
268;396;107175;4,13;1116,41;416;113726;4,33;1184,65
269;398;107573;4,15;1120,55;412;114138;4,29;1188,94
270;390;107963;4,06;1124,61;419;114557;4,36;1193,30
271;392;108355;4,08;1128,70;415;114972;4,32;1197,63
272;393;108748;4,09;1132,79;419;115391;4,36;1201,99
273;392;109140;4,08;1136,88;421;115812;4,39;1206,38
274;391;109531;4,07;1140,95;415;116227;4,32;1210,70
275;390;109921;4,06;1145,01;415;116642;4,32;1215,02
276;391;110312;4,07;1149,08;417;117059;4,34;1219,36
277;392;110704;4,08;1153,17;415;117474;4,32;1223,69
278;393;111097;4,09;1157,26;415;117889;4,32;1228,01
279;393;111490;4,09;1161,35;421;118310;4,39;1232,40
280;391;111881;4,07;1165,43;416;118726;4,33;1236,73
281;393;112274;4,09;1169,52;413;119139;4,30;1241,03
282;394;112668;4,10;1173,63;416;119555;4,33;1245,36
283;392;113060;4,08;1177,71;420;119975;4,38;1249,74
284;393;113453;4,09;1181,80;418;120393;4,35;1254,09
285;394;113847;4,10;1185,91;417;120810;4,34;1258,44
286;393;114240;4,09;1190,00;416;121226;4,33;1262,77
287;400;114640;4,17;1194,17;418;121644;4,35;1267,13
288;395;115035;4,11;1198,28;415;122059;4,32;1271,45
289;395;115430;4,11;1202,40;418;122477;4,35;1275,80
290;395;115825;4,11;1206,51;420;122897;4,38;1280,18
291;390;116215;4,06;1210,57;414;123311;4,31;1284,49
292;387;116602;4,03;1214,60;412;123723;4,29;1288,78
293;391;116993;4,07;1218,68;417;124140;4,34;1293,13
294;393;117386;4,09;1222,77;420;124560;4,38;1297,50
295;395;117781;4,11;1226,89;419;124979;4,36;1301,86
296;392;118173;4,08;1230,97;460;125439;4,79;1306,66
297;390;118563;4,06;1235,03;394;125833;4,10;1310,76
298;393;118956;4,09;1239,13;419;126252;4,36;1315,13
299;392;119348;4,08;1243,21;421;126673;4,39;1319,51
300;390;119738;4,06;1247,27;416;127089;4,33;1323,84
301;391;120129;4,07;1251,34;419;127508;4,36;1328,21
302;392;120521;4,08;1255,43;415;127923;4,32;1332,53
303;396;120917;4,13;1259,55;419;128342;4,36;1336,90
304;394;121311;4,10;1263,66;420;128762;4,38;1341,27
305;388;121699;4,04;1267,70;416;129178;4,33;1345,60
306;392;122091;4,08;1271,78;417;129595;4,34;1349,95
307;391;122482;4,07;1275,85;420;130015;4,38;1354,32
308;397;122879;4,14;1279,99;419;130434;4,36;1358,69
309;393;123272;4,09;1284,08;413;130847;4,30;1362,99
310;391;123663;4,07;1288,16;416;131263;4,33;1367,32
311;387;124050;4,03;1292,19;420;131683;4,38;1371,70
312;391;124441;4,07;1296,26;420;132103;4,38;1376,07
313;392;124833;4,08;1300,34;418;132521;4,35;1380,43
314;391;125224;4,07;1304,42;418;132939;4,35;1384,78
315;396;125620;4,13;1308,54;419;133358;4,36;1389,15
316;392;126012;4,08;1312,63;415;133773;4,32;1393,47
317;395;126407;4,11;1316,74;420;134193;4,38;1397,84
318;396;126803;4,13;1320,86;417;134610;4,34;1402,19
319;391;127194;4,07;1324,94;420;135030;4,38;1406,56
320;397;127591;4,14;1329,07;416;135446;4,33;1410,90
321;393;127984;4,09;1333,17;419;135865;4,36;1415,26
322;394;128378;4,10;1337,27;418;136283;4,35;1419,61
323;393;128771;4,09;1341,36;417;136700;4,34;1423,96
324;394;129165;4,10;1345,47;418;137118;4,35;1428,31
325;388;129553;4,04;1349,51;418;137536;4,35;1432,67
326;393;129946;4,09;1353,60;414;137950;4,31;1436,98
327;389;130335;4,05;1357,66;420;138370;4,38;1441,35
328;390;130725;4,06;1361,72;420;138790;4,38;1445,73
329;394;131119;4,10;1365,82;420;139210;4,38;1450,10
330;394;131513;4,10;1369,93;447;139657;4,66;1454,76
331;392;131905;4,08;1374,01;418;140075;4,35;1459,11
332;439;132344;4,57;1378,58;418;140493;4,35;1463,47
333;393;132737;4,09;1382,68;419;140912;4,36;1467,83
334;393;133130;4,09;1386,77;415;141327;4,32;1472,16
335;391;133521;4,07;1390,84;417;141744;4,34;1476,50
336;392;133913;4,08;1394,93;416;142160;4,33;1480,83
337;391;134304;4,07;1399,00;419;142579;4,36;1485,20
338;391;134695;4,07;1403,07;418;142997;4,35;1489,55
339;396;135091;4,13;1407,20;416;143413;4,33;1493,89
340;397;135488;4,14;1411,33;416;143829;4,33;1498,22
341;385;135873;4,01;1415,34;415;144244;4,32;1502,54
342;394;136267;4,10;1419,45;417;144661;4,34;1506,89
343;392;136659;4,08;1423,53;418;145079;4,35;1511,24
344;394;137053;4,10;1427,64;416;145495;4,33;1515,57
345;394;137447;4,10;1431,74;417;145912;4,34;1519,92
346;392;137839;4,08;1435,82;415;146327;4,32;1524,24
347;396;138235;4,13;1439,95;417;146744;4,34;1528,58
348;392;138627;4,08;1444,03;416;147160;4,33;1532,92
349;390;139017;4,06;1448,09;418;147578;4,35;1537,27
350;392;139409;4,08;1452,18;413;147991;4,30;1541,57
351;392;139801;4,08;1456,26;418;148409;4,35;1545,93
352;394;140195;4,10;1460,36;411;148820;4,28;1550,21
353;395;140590;4,11;1464,48;415;149235;4,32;1554,53
354;389;140979;4,05;1468,53;417;149652;4,34;1558,88
355;391;141370;4,07;1472,60;412;150064;4,29;1563,17
356;390;141760;4,06;1476,67;418;150482;4,35;1567,52
357;396;142156;4,13;1480,79;415;150897;4,32;1571,84
358;392;142548;4,08;1484,88;420;151317;4,38;1576,22
359;394;142942;4,10;1488,98;419;151736;4,36;1580,58
360;390;143332;4,06;1493,04;414;152150;4,31;1584,90
361;389;143721;4,05;1497,09;416;152566;4,33;1589,23
362;390;144111;4,06;1501,16;417;152983;4,34;1593,57
363;391;144502;4,07;1505,23;452;153435;4,71;1598,28
364;391;144893;4,07;1509,30;422;153857;4,40;1602,68
365;391;145284;4,07;1513,38;418;154275;4,35;1607,03
366;391;145675;4,07;1517,45;415;154690;4,32;1611,35
367;392;146067;4,08;1521,53;417;155107;4,34;1615,70
368;387;146454;4,03;1525,56;419;155526;4,36;1620,06
369;394;146848;4,10;1529,67;417;155943;4,34;1624,41
370;393;147241;4,09;1533,76;414;156357;4,31;1628,72
371;394;147635;4,10;1537,86;419;156776;4,36;1633,08
372;392;148027;4,08;1541,95;416;157192;4,33;1637,42
373;394;148421;4,10;1546,05;414;157606;4,31;1641,73
374;391;148812;4,07;1550,13;413;158019;4,30;1646,03
375;394;149206;4,10;1554,23;420;158439;4,38;1650,41
376;389;149595;4,05;1558,28;411;158850;4,28;1654,69
377;393;149988;4,09;1562,38;416;159266;4,33;1659,02
378;395;150383;4,11;1566,49;418;159684;4,35;1663,38
379;395;150778;4,11;1570,60;415;160099;4,32;1667,70
380;395;151173;4,11;1574,72;415;160514;4,32;1672,02
381;394;151567;4,10;1578,82;418;160932;4,35;1676,38
382;395;151962;4,11;1582,94;417;161349;4,34;1680,72
383;392;152354;4,08;1587,02;417;161766;4,34;1685,06
384;393;152747;4,09;1591,11;419;162185;4,36;1689,43
385;391;153138;4,07;1595,19;416;162601;4,33;1693,76
386;393;153531;4,09;1599,28;414;163015;4,31;1698,07
387;391;153922;4,07;1603,35;419;163434;4,36;1702,44
388;393;154315;4,09;1607,45;414;163848;4,31;1706,75
389;394;154709;4,10;1611,55;420;164268;4,38;1711,13
390;394;155103;4,10;1615,66;417;164685;4,34;1715,47
391;392;155495;4,08;1619,74;415;165100;4,32;1719,79
392;393;155888;4,09;1623,83;418;165518;4,35;1724,15
393;393;156281;4,09;1627,93;422;165940;4,40;1728,54
394;393;156674;4,09;1632,02;419;166359;4,36;1732,91
395;390;157064;4,06;1636,08;416;166775;4,33;1737,24
396;392;157456;4,08;1640,17;454;167229;4,73;1741,97
397;392;157848;4,08;1644,25;419;167648;4,36;1746,33
398;442;158290;4,60;1648,85;416;168064;4,33;1750,67
399;397;158687;4,14;1652,99;417;168481;4,34;1755,01
400;396;159083;4,13;1657,11;421;168902;4,39;1759,40
401;395;159478;4,11;1661,23;413;169315;4,30;1763,70
402;393;159871;4,09;1665,32;418;169733;4,35;1768,05
403;393;160264;4,09;1669,42;418;170151;4,35;1772,41
404;393;160657;4,09;1673,51;418;170569;4,35;1776,76
405;393;161050;4,09;1677,60;416;170985;4,33;1781,09
406;394;161444;4,10;1681,71;417;171402;4,34;1785,44
407;394;161838;4,10;1685,81;417;171819;4,34;1789,78
408;395;162233;4,11;1689,93;416;172235;4,33;1794,11
409;396;162629;4,13;1694,05;416;172651;4,33;1798,45
410;394;163023;4,10;1698,16;419;173070;4,36;1802,81
411;396;163419;4,13;1702,28;418;173488;4,35;1807,17
412;393;163812;4,09;1706,38;420;173908;4,38;1811,54
413;393;164205;4,09;1710,47;418;174326;4,35;1815,90
414;396;164601;4,13;1714,59;419;174745;4,36;1820,26
415;395;164996;4,11;1718,71;422;175167;4,40;1824,66
416;394;165390;4,10;1722,81;418;175585;4,35;1829,01
417;391;165781;4,07;1726,89;418;176003;4,35;1833,36
418;395;166176;4,11;1731,00;420;176423;4,38;1837,74
419;392;166568;4,08;1735,08;419;176842;4,36;1842,10
420;389;166957;4,05;1739,14;416;177258;4,33;1846,44
421;393;167350;4,09;1743,23;412;177670;4,29;1850,73
422;392;167742;4,08;1747,31;417;178087;4,34;1855,07
423;393;168135;4,09;1751,41;416;178503;4,33;1859,41
424;396;168531;4,13;1755,53;415;178918;4,32;1863,73
425;394;168925;4,10;1759,64;416;179334;4,33;1868,06
426;393;169318;4,09;1763,73;416;179750;4,33;1872,40
427;393;169711;4,09;1767,82;416;180166;4,33;1876,73
428;396;170107;4,13;1771,95;419;180585;4,36;1881,09
429;393;170500;4,09;1776,04;458;181043;4,77;1885,86
430;394;170894;4,10;1780,15;419;181462;4,36;1890,23
431;397;171291;4,14;1784,28;420;181882;4,38;1894,60
432;394;171685;4,10;1788,39;423;182305;4,41;1899,01
433;390;172075;4,06;1792,45;424;182729;4,42;1903,43
434;395;172470;4,11;1796,56;419;183148;4,36;1907,79
435;394;172864;4,10;1800,67;420;183568;4,38;1912,17
436;395;173259;4,11;1804,78;419;183987;4,36;1916,53
437;394;173653;4,10;1808,89;421;184408;4,39;1920,92
438;394;174047;4,10;1812,99;416;184824;4,33;1925,25
439;394;174441;4,10;1817,09;416;185240;4,33;1929,58
440;395;174836;4,11;1821,21;418;185658;4,35;1933,94
441;391;175227;4,07;1825,28;419;186077;4,36;1938,30
442;394;175621;4,10;1829,39;416;186493;4,33;1942,64
443;392;176013;4,08;1833,47;414;186907;4,31;1946,95
444;393;176406;4,09;1837,56;419;187326;4,36;1951,31
445;392;176798;4,08;1841,65;418;187744;4,35;1955,67
446;396;177194;4,13;1845,77;419;188163;4,36;1960,03
447;393;177587;4,09;1849,86;419;188582;4,36;1964,40
448;394;177981;4,10;1853,97;420;189002;4,38;1968,77
449;396;178377;4,13;1858,09;420;189422;4,38;1973,15
450;394;178771;4,10;1862,20;413;189835;4,30;1977,45
451;393;179164;4,09;1866,29;418;190253;4,35;1981,80
452;394;179558;4,10;1870,40;421;190674;4,39;1986,19
453;394;179952;4,10;1874,50;418;191092;4,35;1990,54
454;398;180350;4,15;1878,65;418;191510;4,35;1994,90
455;394;180744;4,10;1882,75;417;191927;4,34;1999,24
456;396;181140;4,13;1886,88;419;192346;4,36;2003,60
457;391;181531;4,07;1890,95;420;192766;4,38;2007,98
458;393;181924;4,09;1895,04;419;193185;4,36;2012,34
459;396;182320;4,13;1899,17;420;193605;4,38;2016,72
460;398;182718;4,15;1903,31;418;194023;4,35;2021,07
461;395;183113;4,11;1907,43;419;194442;4,36;2025,44
462;391;183504;4,07;1911,50;460;194902;4,79;2030,23
463;396;183900;4,13;1915,63;421;195323;4,39;2034,61
464;440;184340;4,58;1920,21;419;195742;4,36;2038,98
465;391;184731;4,07;1924,28;419;196161;4,36;2043,34
466;389;185120;4,05;1928,33;419;196580;4,36;2047,71
467;389;185509;4,05;1932,39;420;197000;4,38;2052,08
468;393;185902;4,09;1936,48;417;197417;4,34;2056,43
469;389;186291;4,05;1940,53;415;197832;4,32;2060,75
470;390;186681;4,06;1944,59;422;198254;4,40;2065,15
471;395;187076;4,11;1948,71;417;198671;4,34;2069,49
472;390;187466;4,06;1952,77;416;199087;4,33;2073,82
473;393;187859;4,09;1956,86;416;199503;4,33;2078,16
474;392;188251;4,08;1960,95;416;199919;4,33;2082,49
475;392;188643;4,08;1965,03;421;200340;4,39;2086,88
476;396;189039;4,13;1969,16;419;200759;4,36;2091,24
477;393;189432;4,09;1973,25;416;201175;4,33;2095,57
478;394;189826;4,10;1977,35;420;201595;4,38;2099,95
479;393;190219;4,09;1981,45;418;202013;4,35;2104,30
480;396;190615;4,13;1985,57;418;202431;4,35;2108,66
481;398;191013;4,15;1989,72;421;202852;4,39;2113,04
482;395;191408;4,11;1993,83;419;203271;4,36;2117,41
483;390;191798;4,06;1997,90;421;203692;4,39;2121,79
484;396;192194;4,13;2002,02;423;204115;4,41;2126,20
485;390;192584;4,06;2006,08;419;204534;4,36;2130,56
486;389;192973;4,05;2010,14;431;204965;4,49;2135,05
487;396;193369;4,13;2014,26;416;205381;4,33;2139,39
488;392;193761;4,08;2018,34;417;205798;4,34;2143,73
489;391;194152;4,07;2022,42;420;206218;4,38;2148,10
490;395;194547;4,11;2026,53;422;206640;4,40;2152,50
491;390;194937;4,06;2030,59;420;207060;4,38;2156,88
492;395;195332;4,11;2034,71;416;207476;4,33;2161,21
493;392;195724;4,08;2038,79;417;207893;4,34;2165,55
494;393;196117;4,09;2042,89;418;208311;4,35;2169,91
495;391;196508;4,07;2046,96;461;208772;4,80;2174,71
496;392;196900;4,08;2051,04;419;209191;4,36;2179,07
497;397;197297;4,14;2055,18;418;209609;4,35;2183,43
498;400;197697;4,17;2059,34;427;210036;4,45;2187,88
499;392;198089;4,08;2063,43;422;210458;4,40;2192,27
500;388;198477;4,04;2067,47;419;210877;4,36;2196,64
501;393;198870;4,09;2071,56;419;211296;4,36;2201,00
502;395;199265;4,11;2075,68;418;211714;4,35;2205,35
503;390;199655;4,06;2079,74;417;212131;4,34;2209,70
504;392;200047;4,08;2083,82;419;212550;4,36;2214,06
505;392;200439;4,08;2087,91;420;212970;4,38;2218,44
506;393;200832;4,09;2092,00;420;213390;4,38;2222,81
507;389;201221;4,05;2096,05;418;213808;4,35;2227,17
508;396;201617;4,13;2100,18;420;214228;4,38;2231,54
509;394;202011;4,10;2104,28;417;214645;4,34;2235,89
510;390;202401;4,06;2108,34;420;215065;4,38;2240,26
511;392;202793;4,08;2112,43;420;215485;4,38;2244,64
512;394;203187;4,10;2116,53;421;215906;4,39;2249,02
513;391;203578;4,07;2120,60;419;216325;4,36;2253,39
514;394;203972;4,10;2124,71;420;216745;4,38;2257,76
515;393;204365;4,09;2128,80;417;217162;4,34;2262,10
516;394;204759;4,10;2132,91;419;217581;4,36;2266,47
517;390;205149;4,06;2136,97;422;218003;4,40;2270,86
518;393;205542;4,09;2141,06;418;218421;4,35;2275,22
519;393;205935;4,09;2145,16;415;218836;4,32;2279,54
520;391;206326;4,07;2149,23;418;219254;4,35;2283,90
521;389;206715;4,05;2153,28;418;219672;4,35;2288,25
522;392;207107;4,08;2157,36;421;220093;4,39;2292,64
523;395;207502;4,11;2161,48;423;220516;4,41;2297,04
524;390;207892;4,06;2165,54;420;220936;4,38;2301,42
525;390;208282;4,06;2169,60;420;221356;4,38;2305,79
526;394;208676;4,10;2173,71;417;221773;4,34;2310,14
527;393;209069;4,09;2177,80;419;222192;4,36;2314,50
528;393;209462;4,09;2181,90;414;222606;4,31;2318,81
529;396;209858;4,13;2186,02;436;223042;4,54;2323,35
530;437;210295;4,55;2190,57;422;223464;4,40;2327,75
531;394;210689;4,10;2194,68;421;223885;4,39;2332,14
532;394;211083;4,10;2198,78;422;224307;4,40;2336,53
533;389;211472;4,05;2202,83;418;224725;4,35;2340,89
534;398;211870;4,15;2206,98;424;225149;4,42;2345,30
535;397;212267;4,14;2211,11;417;225566;4,34;2349,65
536;394;212661;4,10;2215,22;420;225986;4,38;2354,02
537;395;213056;4,11;2219,33;423;226409;4,41;2358,43
538;391;213447;4,07;2223,41;420;226829;4,38;2362,80
539;390;213837;4,06;2227,47;419;227248;4,36;2367,17
540;389;214226;4,05;2231,52;420;227668;4,38;2371,54
541;392;214618;4,08;2235,60;422;228090;4,40;2375,94
542;389;215007;4,05;2239,66;419;228509;4,36;2380,30
543;389;215396;4,05;2243,71;423;228932;4,41;2384,71
544;393;215789;4,09;2247,80;420;229352;4,38;2389,08
545;393;216182;4,09;2251,90;426;229778;4,44;2393,52
546;392;216574;4,08;2255,98;420;230198;4,38;2397,90
547;396;216970;4,13;2260,10;419;230617;4,36;2402,26
548;393;217363;4,09;2264,20;425;231042;4,43;2406,69
549;396;217759;4,13;2268,32;422;231464;4,40;2411,08
550;393;218152;4,09;2272,42;421;231885;4,39;2415,47
551;391;218543;4,07;2276,49;420;232305;4,38;2419,84
552;393;218936;4,09;2280,58;419;232724;4,36;2424,21
553;391;219327;4,07;2284,66;417;233141;4,34;2428,55
554;391;219718;4,07;2288,73;423;233564;4,41;2432,96
555;393;220111;4,09;2292,82;422;233986;4,40;2437,35
556;392;220503;4,08;2296,91;420;234406;4,38;2441,73
557;392;220895;4,08;2300,99;419;234825;4,36;2446,09
558;396;221291;4,13;2305,11;420;235245;4,38;2450,47
559;395;221686;4,11;2309,23;420;235665;4,38;2454,84
560;392;222078;4,08;2313,31;426;236091;4,44;2459,28
561;391;222469;4,07;2317,39;1052;237143;10,96;2470,24
562;393;222862;4,09;2321,48;421;237564;4,39;2474,63
563;395;223257;4,11;2325,59;418;237982;4,35;2478,98
564;392;223649;4,08;2329,68;418;238400;4,35;2483,33
565;389;224038;4,05;2333,73;423;238823;4,41;2487,74
566;392;224430;4,08;2337,81;418;239241;4,35;2492,09
567;391;224821;4,07;2341,89;418;239659;4,35;2496,45
568;392;225213;4,08;2345,97;416;240075;4,33;2500,78
569;392;225605;4,08;2350,05;416;240491;4,33;2505,11
570;394;225999;4,10;2354,16;419;240910;4,36;2509,48
571;389;226388;4,05;2358,21;423;241333;4,41;2513,89
572;394;226782;4,10;2362,31;417;241750;4,34;2518,23
573;392;227174;4,08;2366,40;420;242170;4,38;2522,60
574;394;227568;4,10;2370,50;420;242590;4,38;2526,98
575;394;227962;4,10;2374,60;420;243010;4,38;2531,35
576;396;228358;4,13;2378,73;420;243430;4,38;2535,73
577;395;228753;4,11;2382,84;421;243851;4,39;2540,11
578;388;229141;4,04;2386,89;418;244269;4,35;2544,47
579;394;229535;4,10;2390,99;419;244688;4,36;2548,83
580;393;229928;4,09;2395,08;425;245113;4,43;2553,26
581;395;230323;4,11;2399,20;421;245534;4,39;2557,65
582;392;230715;4,08;2403,28;419;245953;4,36;2562,01
583;395;231110;4,11;2407,40;424;246377;4,42;2566,43
584;393;231503;4,09;2411,49;421;246798;4,39;2570,81
585;390;231893;4,06;2415,55;419;247217;4,36;2575,18
586;394;232287;4,10;2419,66;416;247633;4,33;2579,51
587;393;232680;4,09;2423,75;418;248051;4,35;2583,86
588;392;233072;4,08;2427,83;419;248470;4,36;2588,23
589;389;233461;4,05;2431,89;425;248895;4,43;2592,66
590;393;233854;4,09;2435,98;420;249315;4,38;2597,03
591;397;234251;4,14;2440,11;418;249733;4,35;2601,39
592;392;234643;4,08;2444,20;420;250153;4,38;2605,76
593;394;235037;4,10;2448,30;418;250571;4,35;2610,11
594;391;235428;4,07;2452,38;446;251017;4,65;2614,76
595;394;235822;4,10;2456,48;420;251437;4,38;2619,14
596;443;236265;4,61;2461,09;421;251858;4,39;2623,52
597;392;236657;4,08;2465,18;422;252280;4,40;2627,92
598;395;237052;4,11;2469,29;425;252705;4,43;2632,34
599;395;237447;4,11;2473,41;418;253123;4,35;2636,70
600;399;237846;4,16;2477,56;422;253545;4,40;2641,09
601;393;238239;4,09;2481,66;420;253965;4,38;2645,47
602;396;238635;4,13;2485,78;424;254389;4,42;2649,89
603;396;239031;4,13;2489,91;421;254810;4,39;2654,27
604;404;239435;4,21;2494,11;419;255229;4,36;2658,64
605;401;239836;4,18;2498,29;419;255648;4,36;2663,00
606;392;240228;4,08;2502,38;421;256069;4,39;2667,39
607;395;240623;4,11;2506,49;419;256488;4,36;2671,75
608;400;241023;4,17;2510,66;420;256908;4,38;2676,13
609;397;241420;4,14;2514,79;418;257326;4,35;2680,48
610;394;241814;4,10;2518,90;424;257750;4,42;2684,90
611;395;242209;4,11;2523,01;422;258172;4,40;2689,29
612;395;242604;4,11;2527,13;419;258591;4,36;2693,66
613;397;243001;4,14;2531,26;423;259014;4,41;2698,06
614;395;243396;4,11;2535,38;419;259433;4,36;2702,43
615;390;243786;4,06;2539,44;418;259851;4,35;2706,78
616;395;244181;4,11;2543,55;424;260275;4,42;2711,20
617;396;244577;4,13;2547,68;419;260694;4,36;2715,56
618;395;244972;4,11;2551,79;420;261114;4,38;2719,94
619;392;245364;4,08;2555,88;419;261533;4,36;2724,30
620;395;245759;4,11;2559,99;418;261951;4,35;2728,66
621;394;246153;4,10;2564,09;422;262373;4,40;2733,05
622;394;246547;4,10;2568,20;424;262797;4,42;2737,47
623;392;246939;4,08;2572,28;422;263219;4,40;2741,86
624;397;247336;4,14;2576,42;421;263640;4,39;2746,25
625;395;247731;4,11;2580,53;421;264061;4,39;2750,64
626;394;248125;4,10;2584,64;418;264479;4,35;2754,99
627;399;248524;4,16;2588,79;459;264938;4,78;2759,77
628;392;248916;4,08;2592,88;424;265362;4,42;2764,19
629;395;249311;4,11;2596,99;420;265782;4,38;2768,56
630;396;249707;4,13;2601,11;422;266204;4,40;2772,96
631;397;250104;4,14;2605,25;417;266621;4,34;2777,30
632;393;250497;4,09;2609,34;420;267041;4,38;2781,68
633;395;250892;4,11;2613,46;419;267460;4,36;2786,04
634;398;251290;4,15;2617,60;424;267884;4,42;2790,46
635;395;251685;4,11;2621,72;420;268304;4,38;2794,83
636;397;252082;4,14;2625,85;421;268725;4,39;2799,22
637;475;252557;4,95;2630,80;495;269220;5,16;2804,38
638;395;252952;4,11;2634,92;420;269640;4,38;2808,75
639;394;253346;4,10;2639,02;417;270057;4,34;2813,09
640;396;253742;4,13;2643,15;418;270475;4,35;2817,45
641;385;254127;4,01;2647,16;411;270886;4,28;2821,73
642;394;254521;4,10;2651,26;424;271310;4,42;2826,15
643;396;254917;4,13;2655,39;422;271732;4,40;2830,54
644;394;255311;4,10;2659,49;422;272154;4,40;2834,94
645;394;255705;4,10;2663,59;419;272573;4,36;2839,30
646;392;256097;4,08;2667,68;421;272994;4,39;2843,69
647;396;256493;4,13;2671,80;419;273413;4,36;2848,05
648;396;256889;4,13;2675,93;421;273834;4,39;2852,44
649;392;257281;4,08;2680,01;418;274252;4,35;2856,79
650;435;257716;4,53;2684,54;458;274710;4,77;2861,56
651;396;258112;4,13;2688,67;420;275130;4,38;2865,94
652;393;258505;4,09;2692,76;417;275547;4,34;2870,28
653;391;258896;4,07;2696,83;423;275970;4,41;2874,69
654;398;259294;4,15;2700,98;421;276391;4,39;2879,07
655;398;259692;4,15;2705,13;420;276811;4,38;2883,45
656;397;260089;4,14;2709,26;421;277232;4,39;2887,83
657;395;260484;4,11;2713,38;424;277656;4,42;2892,25
658;390;260874;4,06;2717,44;416;278072;4,33;2896,58
659;398;261272;4,15;2721,58;431;278503;4,49;2901,07
660;398;261670;4,15;2725,73;450;278953;4,69;2905,76
661;390;262060;4,06;2729,79;424;279377;4,42;2910,18
662;390;262450;4,06;2733,85;418;279795;4,35;2914,53
663;440;262890;4,58;2738,44;419;280214;4,36;2918,90
664;394;263284;4,10;2742,54;420;280634;4,38;2923,27
665;394;263678;4,10;2746,65;423;281057;4,41;2927,68
666;391;264069;4,07;2750,72;421;281478;4,39;2932,06
667;390;264459;4,06;2754,78;421;281899;4,39;2936,45
668;393;264852;4,09;2758,88;421;282320;4,39;2940,83
669;392;265244;4,08;2762,96;418;282738;4,35;2945,19
670;387;265631;4,03;2766,99;421;283159;4,39;2949,57
671;395;266026;4,11;2771,10;419;283578;4,36;2953,94
672;392;266418;4,08;2775,19;422;284000;4,40;2958,33
673;392;266810;4,08;2779,27;419;284419;4,36;2962,70
674;396;267206;4,13;2783,40;417;284836;4,34;2967,04
675;391;267597;4,07;2787,47;415;285251;4,32;2971,36
676;395;267992;4,11;2791,58;421;285672;4,39;2975,75
677;397;268389;4,14;2795,72;417;286089;4,34;2980,09
678;391;268780;4,07;2799,79;422;286511;4,40;2984,49
679;396;269176;4,13;2803,92;422;286933;4,40;2988,89
680;394;269570;4,10;2808,02;419;287352;4,36;2993,25
681;394;269964;4,10;2812,13;420;287772;4,38;2997,63
682;395;270359;4,11;2816,24;417;288189;4,34;3001,97
683;390;270749;4,06;2820,30;421;288610;4,39;3006,35
684;396;271145;4,13;2824,43;418;289028;4,35;3010,71
685;392;271537;4,08;2828,51;418;289446;4,35;3015,06
686;392;271929;4,08;2832,59;418;289864;4,35;3019,42
687;392;272321;4,08;2836,68;423;290287;4,41;3023,82
688;393;272714;4,09;2840,77;423;290710;4,41;3028,23
689;393;273107;4,09;2844,86;418;291128;4,35;3032,58
690;395;273502;4,11;2848,98;418;291546;4,35;3036,94
691;394;273896;4,10;2853,08;420;291966;4,38;3041,31
692;385;274281;4,01;2857,09;420;292386;4,38;3045,69
693;392;274673;4,08;2861,18;457;292843;4,76;3050,45
694;392;275065;4,08;2865,26;423;293266;4,41;3054,85
695;398;275463;4,15;2869,41;419;293685;4,36;3059,22
696;396;275859;4,13;2873,53;420;294105;4,38;3063,59
697;394;276253;4,10;2877,64;423;294528;4,41;3068,00
698;391;276644;4,07;2881,71;420;294948;4,38;3072,38
699;389;277033;4,05;2885,76;422;295370;4,40;3076,77
700;389;277422;4,05;2889,81;420;295790;4,38;3081,15
701;386;277808;4,02;2893,83;422;296212;4,40;3085,54
702;389;278197;4,05;2897,89;421;296633;4,39;3089,93
703;389;278586;4,05;2901,94;425;297058;4,43;3094,35
704;389;278975;4,05;2905,99;421;297479;4,39;3098,74
705;395;279370;4,11;2910,10;422;297901;4,40;3103,14
706;394;279764;4,10;2914,21;421;298322;4,39;3107,52
707;392;280156;4,08;2918,29;420;298742;4,38;3111,90
708;390;280546;4,06;2922,35;422;299164;4,40;3116,29
709;393;280939;4,09;2926,45;420;299584;4,38;3120,67
710;391;281330;4,07;2930,52;423;300007;4,41;3125,07
711;395;281725;4,11;2934,64;422;300429;4,40;3129,47
712;393;282118;4,09;2938,73;422;300851;4,40;3133,86
713;389;282507;4,05;2942,78;422;301273;4,40;3138,26
714;392;282899;4,08;2946,86;425;301698;4,43;3142,69
715;391;283290;4,07;2950,94;420;302118;4,38;3147,06
716;389;283679;4,05;2954,99;422;302540;4,40;3151,46
717;393;284072;4,09;2959,08;420;302960;4,38;3155,83
718;390;284462;4,06;2963,15;422;303382;4,40;3160,23
719;395;284857;4,11;2967,26;422;303804;4,40;3164,63
720;389;285246;4,05;2971,31;419;304223;4,36;3168,99
721;392;285638;4,08;2975,40;421;304644;4,39;3173,38
722;390;286028;4,06;2979,46;421;305065;4,39;3177,76
723;393;286421;4,09;2983,55;422;305487;4,40;3182,16
724;399;286820;4,16;2987,71;419;305906;4,36;3186,52
725;389;287209;4,05;2991,76;418;306324;4,35;3190,88
726;395;287604;4,11;2995,88;465;306789;4,84;3195,72
727;391;287995;4,07;2999,95;423;307212;4,41;3200,13
728;394;288389;4,10;3004,05;423;307635;4,41;3204,53
729;434;288823;4,52;3008,57;418;308053;4,35;3208,89
730;393;289216;4,09;3012,67;424;308477;4,42;3213,30
731;389;289605;4,05;3016,72;420;308897;4,38;3217,68
732;392;289997;4,08;3020,80;421;309318;4,39;3222,06
733;392;290389;4,08;3024,89;424;309742;4,42;3226,48
734;392;290781;4,08;3028,97;424;310166;4,42;3230,90
735;395;291176;4,11;3033,08;422;310588;4,40;3235,29
736;393;291569;4,09;3037,18;419;311007;4,36;3239,66
737;393;291962;4,09;3041,27;419;311426;4,36;3244,02
738;388;292350;4,04;3045,31;420;311846;4,38;3248,40
739;393;292743;4,09;3049,41;420;312266;4,38;3252,77
740;393;293136;4,09;3053,50;419;312685;4,36;3257,14
741;374;293510;3,90;3057,40;409;313094;4,26;3261,40
742;393;293903;4,09;3061,49;422;313516;4,40;3265,79
743;386;294289;4,02;3065,51;417;313933;4,34;3270,14
744;391;294680;4,07;3069,58;420;314353;4,38;3274,51
745;392;295072;4,08;3073,67;413;314766;4,30;3278,81
746;397;295469;4,14;3077,80;418;315184;4,35;3283,17
747;395;295864;4,11;3081,92;420;315604;4,38;3287,54
748;394;296258;4,10;3086,02;423;316027;4,41;3291,95
749;393;296651;4,09;3090,11;426;316453;4,44;3296,39
750;392;297043;4,08;3094,20;418;316871;4,35;3300,74
751;391;297434;4,07;3098,27;421;317292;4,39;3305,13
752;391;297825;4,07;3102,34;422;317714;4,40;3309,52
753;393;298218;4,09;3106,44;422;318136;4,40;3313,92
754;392;298610;4,08;3110,52;422;318558;4,40;3318,31
755;392;299002;4,08;3114,60;419;318977;4,36;3322,68
756;393;299395;4,09;3118,70;418;319395;4,35;3327,03
757;391;299786;4,07;3122,77;421;319816;4,39;3331,42
758;390;300176;4,06;3126,83;424;320240;4,42;3335,83
759;390;300566;4,06;3130,90;767;321007;7,99;3343,82
760;395;300961;4,11;3135,01;426;321433;4,44;3348,26
761;388;301349;4,04;3139,05;422;321855;4,40;3352,66
762;393;301742;4,09;3143,15;423;322278;4,41;3357,06
763;392;302134;4,08;3147,23;422;322700;4,40;3361,46
764;389;302523;4,05;3151,28;423;323123;4,41;3365,86
765;389;302912;4,05;3155,33;426;323549;4,44;3370,30
766;390;303302;4,06;3159,40;423;323972;4,41;3374,71
767;389;303691;4,05;3163,45;421;324393;4,39;3379,09
768;388;304079;4,04;3167,49;419;324812;4,36;3383,46
769;395;304474;4,11;3171,60;417;325229;4,34;3387,80
770;391;304865;4,07;3175,68;423;325652;4,41;3392,21
771;390;305255;4,06;3179,74;420;326072;4,38;3396,58
772;393;305648;4,09;3183,83;419;326491;4,36;3400,95
773;392;306040;4,08;3187,92;416;326907;4,33;3405,28
774;394;306434;4,10;3192,02;421;327328;4,39;3409,67
775;391;306825;4,07;3196,09;423;327751;4,41;3414,07
776;393;307218;4,09;3200,19;422;328173;4,40;3418,47
777;393;307611;4,09;3204,28;421;328594;4,39;3422,85
778;393;308004;4,09;3208,38;419;329013;4,36;3427,22
779;394;308398;4,10;3212,48;422;329435;4,40;3431,61
780;390;308788;4,06;3216,54;425;329860;4,43;3436,04
781;394;309182;4,10;3220,65;423;330283;4,41;3440,45
782;392;309574;4,08;3224,73;422;330705;4,40;3444,84
783;390;309964;4,06;3228,79;422;331127;4,40;3449,24
784;391;310355;4,07;3232,86;422;331549;4,40;3453,64
785;403;310758;4,20;3237,06;431;331980;4,49;3458,13
786;390;311148;4,06;3241,13;421;332401;4,39;3462,51
787;377;311525;3,93;3245,05;412;332813;4,29;3466,80
788;394;311919;4,10;3249,16;424;333237;4,42;3471,22
789;398;312317;4,15;3253,30;423;333660;4,41;3475,63
790;397;312714;4,14;3257,44;426;334086;4,44;3480,06
791;391;313105;4,07;3261,51;419;334505;4,36;3484,43
792;392;313497;4,08;3265,59;422;334927;4,40;3488,82
793;393;313890;4,09;3269,69;439;335366;4,57;3493,40
794;393;314283;4,09;3273,78;425;335791;4,43;3497,82
795;440;314723;4,58;3278,36;418;336209;4,35;3502,18
796;400;315123;4,17;3282,53;423;336632;4,41;3506,58
797;398;315521;4,15;3286,68;419;337051;4,36;3510,95
798;400;315921;4,17;3290,84;421;337472;4,39;3515,33
799;396;316317;4,13;3294,97;419;337891;4,36;3519,70
800;394;316711;4,10;3299,07;424;338315;4,42;3524,11
801;399;317110;4,16;3303,23;418;338733;4,35;3528,47
802;397;317507;4,14;3307,36;420;339153;4,38;3532,84
803;381;317888;3,97;3311,33;404;339557;4,21;3537,05
804;394;318282;4,10;3315,44;418;339975;4,35;3541,41
805;395;318677;4,11;3319,55;421;340396;4,39;3545,79
806;396;319073;4,13;3323,68;418;340814;4,35;3550,15
807;382;319455;3,98;3327,66;403;341217;4,20;3554,34
808;389;319844;4,05;3331,71;421;341638;4,39;3558,73
809;393;320237;4,09;3335,80;423;342061;4,41;3563,14
810;399;320636;4,16;3339,96;418;342479;4,35;3567,49
811;396;321032;4,13;3344,08;417;342896;4,34;3571,83
812;391;321423;4,07;3348,16;420;343316;4,38;3576,21
813;393;321816;4,09;3352,25;417;343733;4,34;3580,55
814;393;322209;4,09;3356,34;418;344151;4,35;3584,91
815;389;322598;4,05;3360,40;415;344566;4,32;3589,23
816;392;322990;4,08;3364,48;417;344983;4,34;3593,57
817;391;323381;4,07;3368,55;418;345401;4,35;3597,93
818;394;323775;4,10;3372,66;420;345821;4,38;3602,30
819;396;324171;4,13;3376,78;420;346241;4,38;3606,68
820;396;324567;4,13;3380,91;422;346663;4,40;3611,07
821;396;324963;4,13;3385,03;421;347084;4,39;3615,46
822;392;325355;4,08;3389,11;415;347499;4,32;3619,78
823;391;325746;4,07;3393,19;422;347921;4,40;3624,18
824;393;326139;4,09;3397,28;419;348340;4,36;3628,54
825;392;326531;4,08;3401,36;420;348760;4,38;3632,92
826;409;326940;4,26;3405,63;454;349214;4,73;3637,65
827;392;327332;4,08;3409,71;423;349637;4,41;3642,05
828;393;327725;4,09;3413,80;416;350053;4,33;3646,39
829;394;328119;4,10;3417,91;419;350472;4,36;3650,75
830;408;328527;4,25;3422,16;430;350902;4,48;3655,23
831;409;328936;4,26;3426,42;431;351333;4,49;3659,72
832;409;329345;4,26;3430,68;433;351766;4,51;3664,23
833;414;329759;4,31;3434,99;443;352209;4,61;3668,84
834;394;330153;4,10;3439,09;418;352627;4,35;3673,20
835;392;330545;4,08;3443,18;417;353044;4,34;3677,54
836;392;330937;4,08;3447,26;418;353462;4,35;3681,90
837;396;331333;4,13;3451,39;417;353879;4,34;3686,24
838;394;331727;4,10;3455,49;418;354297;4,35;3690,59
839;396;332123;4,13;3459,61;422;354719;4,40;3694,99
840;395;332518;4,11;3463,73;416;355135;4,33;3699,32
841;394;332912;4,10;3467,83;418;355553;4,35;3703,68
842;393;333305;4,09;3471,93;419;355972;4,36;3708,04
843;397;333702;4,14;3476,06;420;356392;4,38;3712,42
844;391;334093;4,07;3480,14;421;356813;4,39;3716,80
845;392;334485;4,08;3484,22;420;357233;4,38;3721,18
846;393;334878;4,09;3488,31;417;357650;4,34;3725,52
847;424;335302;4,42;3492,73;452;358102;4,71;3730,23
848;395;335697;4,11;3496,84;421;358523;4,39;3734,61
849;394;336091;4,10;3500,95;419;358942;4,36;3738,98
850;393;336484;4,09;3505,04;420;359362;4,38;3743,35
851;393;336877;4,09;3509,14;431;359793;4,49;3747,84
852;391;337268;4,07;3513,21;422;360215;4,40;3752,24
853;394;337662;4,10;3517,31;420;360635;4,38;3756,61
854;396;338058;4,13;3521,44;421;361056;4,39;3761,00
855;392;338450;4,08;3525,52;421;361477;4,39;3765,39
856;394;338844;4,10;3529,63;419;361896;4,36;3769,75
857;392;339236;4,08;3533,71;418;362314;4,35;3774,10
858;397;339633;4,14;3537,84;421;362735;4,39;3778,49
859;391;340024;4,07;3541,92;461;363196;4,80;3783,29
860;392;340416;4,08;3546,00;421;363617;4,39;3787,68
861;427;340843;4,45;3550,45;418;364035;4,35;3792,03
862;392;341235;4,08;3554,53;421;364456;4,39;3796,42
863;390;341625;4,06;3558,59;420;364876;4,38;3800,79
864;383;342008;3,99;3562,58;418;365294;4,35;3805,15
865;394;342402;4,10;3566,69;421;365715;4,39;3809,53
866;393;342795;4,09;3570,78;420;366135;4,38;3813,91
867;396;343191;4,13;3574,91;419;366554;4,36;3818,27
868;393;343584;4,09;3579,00;420;366974;4,38;3822,65
869;397;343981;4,14;3583,14;418;367392;4,35;3827,00
870;392;344373;4,08;3587,22;420;367812;4,38;3831,38
871;398;344771;4,15;3591,36;419;368231;4,36;3835,74
872;397;345168;4,14;3595,50;419;368650;4,36;3840,10
873;394;345562;4,10;3599,60;417;369067;4,34;3844,45
874;395;345957;4,11;3603,72;421;369488;4,39;3848,83
875;393;346350;4,09;3607,81;423;369911;4,41;3853,24
876;399;346749;4,16;3611,97;421;370332;4,39;3857,63
877;397;347146;4,14;3616,10;418;370750;4,35;3861,98
878;398;347544;4,15;3620,25;420;371170;4,38;3866,35
879;392;347936;4,08;3624,33;421;371591;4,39;3870,74
880;391;348327;4,07;3628,41;418;372009;4,35;3875,09
881;393;348720;4,09;3632,50;421;372430;4,39;3879,48
882;401;349121;4,18;3636,68;427;372857;4,45;3883,93
883;395;349516;4,11;3640,79;422;373279;4,40;3888,32
884;391;349907;4,07;3644,86;416;373695;4,33;3892,66
885;393;350300;4,09;3648,96;419;374114;4,36;3897,02
886;398;350698;4,15;3653,10;420;374534;4,38;3901,40
887;395;351093;4,11;3657,22;419;374953;4,36;3905,76
888;393;351486;4,09;3661,31;420;375373;4,38;3910,14
889;391;351877;4,07;3665,39;422;375795;4,40;3914,53
890;394;352271;4,10;3669,49;419;376214;4,36;3918,90
891;395;352666;4,11;3673,60;421;376635;4,39;3923,28
892;394;353060;4,10;3677,71;465;377100;4,84;3928,13
893;397;353457;4,14;3681,84;429;377529;4,47;3932,59
894;395;353852;4,11;3685,96;429;377958;4,47;3937,06
895;391;354243;4,07;3690,03;427;378385;4,45;3941,51
896;392;354635;4,08;3694,11;431;378816;4,49;3946,00
897;394;355029;4,10;3698,22;423;379239;4,41;3950,41
898;394;355423;4,10;3702,32;422;379661;4,40;3954,80
899;397;355820;4,14;3706,46;431;380092;4,49;3959,29
900;397;356217;4,14;3710,59;426;380518;4,44;3963,73
901;393;356610;4,09;3714,69;422;380940;4,40;3968,13
902;393;357003;4,09;3718,78;425;381365;4,43;3972,55
903;392;357395;4,08;3722,86;424;381789;4,42;3976,97
904;396;357791;4,13;3726,99;422;382211;4,40;3981,36
905;395;358186;4,11;3731,10;425;382636;4,43;3985,79
906;395;358581;4,11;3735,22;429;383065;4,47;3990,26
907;396;358977;4,13;3739,34;425;383490;4,43;3994,69
908;396;359373;4,13;3743,47;426;383916;4,44;3999,13
909;399;359772;4,16;3747,63;422;384338;4,40;4003,52
910;396;360168;4,13;3751,75;425;384763;4,43;4007,95
911;394;360562;4,10;3755,85;428;385191;4,46;4012,41
912;395;360957;4,11;3759,97;425;385616;4,43;4016,83
913;395;361352;4,11;3764,08;426;386042;4,44;4021,27
914;394;361746;4,10;3768,19;427;386469;4,45;4025,72
915;396;362142;4,13;3772,31;424;386893;4,42;4030,14
916;393;362535;4,09;3776,41;429;387322;4,47;4034,60
917;395;362930;4,11;3780,52;426;387748;4,44;4039,04
918;395;363325;4,11;3784,64;427;388175;4,45;4043,49
919;392;363717;4,08;3788,72;427;388602;4,45;4047,94
920;391;364108;4,07;3792,79;428;389030;4,46;4052,40
921;397;364505;4,14;3796,93;424;389454;4,42;4056,81
922;398;364903;4,15;3801,07;421;389875;4,39;4061,20
923;396;365299;4,13;3805,20;425;390300;4,43;4065,63
924;394;365693;4,10;3809,30;425;390725;4,43;4070,05
925;397;366090;4,14;3813,44;470;391195;4,90;4074,95
926;393;366483;4,09;3817,53;428;391623;4,46;4079,41
927;422;366905;4,40;3821,93;425;392048;4,43;4083,83
928;397;367302;4,14;3826,06;424;392472;4,42;4088,25
929;396;367698;4,13;3830,19;421;392893;4,39;4092,64
930;394;368092;4,10;3834,29;424;393317;4,42;4097,05
931;396;368488;4,13;3838,42;425;393742;4,43;4101,48
932;395;368883;4,11;3842,53;424;394166;4,42;4105,90
933;390;369273;4,06;3846,59;431;394597;4,49;4110,39
934;395;369668;4,11;3850,71;421;395018;4,39;4114,77
935;394;370062;4,10;3854,81;421;395439;4,39;4119,16
936;390;370452;4,06;3858,88;424;395863;4,42;4123,57
937;390;370842;4,06;3862,94;421;396284;4,39;4127,96
938;392;371234;4,08;3867,02;422;396706;4,40;4132,35
939;392;371626;4,08;3871,10;422;397128;4,40;4136,75
940;393;372019;4,09;3875,20;423;397551;4,41;4141,16
941;565;372584;5,89;3881,08;597;398148;6,22;4147,38
942;393;372977;4,09;3885,18;420;398568;4,38;4151,75
943;394;373371;4,10;3889,28;422;398990;4,40;4156,15
944;395;373766;4,11;3893,40;422;399412;4,40;4160,54
945;390;374156;4,06;3897,46;421;399833;4,39;4164,93
946;394;374550;4,10;3901,56;425;400258;4,43;4169,35
947;393;374943;4,09;3905,66;424;400682;4,42;4173,77
948;389;375332;4,05;3909,71;423;401105;4,41;4178,18
949;392;375724;4,08;3913,79;427;401532;4,45;4182,63
950;392;376116;4,08;3917,88;421;401953;4,39;4187,01
951;391;376507;4,07;3921,95;424;402377;4,42;4191,43
952;393;376900;4,09;3926,04;426;402803;4,44;4195,86
953;392;377292;4,08;3930,13;425;403228;4,43;4200,29
954;393;377685;4,09;3934,22;423;403651;4,41;4204,70
955;393;378078;4,09;3938,31;424;404075;4,42;4209,11
956;394;378472;4,10;3942,42;425;404500;4,43;4213,54
957;394;378866;4,10;3946,52;425;404925;4,43;4217,97
958;394;379260;4,10;3950,63;1145;406070;11,93;4229,90
959;394;379654;4,10;3954,73;425;406495;4,43;4234,32
960;393;380047;4,09;3958,82;425;406920;4,43;4238,75
961;394;380441;4,10;3962,93;423;407343;4,41;4243,16
962;390;380831;4,06;3966,99;424;407767;4,42;4247,57
963;336;381167;3,50;3970,49;368;408135;3,83;4251,41
964;394;381561;4,10;3974,59;421;408556;4,39;4255,79
965;373;381934;3,89;3978,48;402;408958;4,19;4259,98
966;388;382322;4,04;3982,52;416;409374;4,33;4264,31
967;396;382718;4,13;3986,65;425;409799;4,43;4268,74
968;393;383111;4,09;3990,74;424;410223;4,42;4273,16
969;394;383505;4,10;3994,84;421;410644;4,39;4277,54
970;388;383893;4,04;3998,89;424;411068;4,42;4281,96
971;392;384285;4,08;4002,97;423;411491;4,41;4286,36
972;389;384674;4,05;4007,02;422;411913;4,40;4290,76
973;392;385066;4,08;4011,10;422;412335;4,40;4295,16
974;393;385459;4,09;4015,20;427;412762;4,45;4299,60
975;393;385852;4,09;4019,29;425;413187;4,43;4304,03
976;392;386244;4,08;4023,38;425;413612;4,43;4308,46
977;391;386635;4,07;4027,45;426;414038;4,44;4312,90
978;390;387025;4,06;4031,51;425;414463;4,43;4317,32
979;390;387415;4,06;4035,57;425;414888;4,43;4321,75
980;392;387807;4,08;4039,66;427;415315;4,45;4326,20
981;393;388200;4,09;4043,75;424;415739;4,42;4330,61
982;394;388594;4,10;4047,85;424;416163;4,42;4335,03
983;392;388986;4,08;4051,94;423;416586;4,41;4339,44
984;392;389378;4,08;4056,02;427;417013;4,45;4343,89
985;395;389773;4,11458333333333;4060,13541666667;425;417438;4,42708333333333;4348,3125
986;396;390169;4,125;4064,26041666667;426;417864;4,4375;4352,75
987;394;390563;4,10416666666667;4068,36458333334;423;418287;4,40625;4357,15625
988;394;390957;4,10416666666667;4072,46875000001;421;418708;4,38541666666667;4361,54166666667
989;394;391351;4,10416666666667;4076,57291666667;447;419155;4,65625;4366,19791666667
990;393;391744;4,09375;4080,66666666667;431;419586;4,48958333333333;4370,6875
991;396;392140;4,125;4084,79166666667;426;420012;4,4375;4375,125
992;392;392532;4,08333333333333;4088,87500000001;426;420438;4,4375;4379,5625
993;439;392971;4,57291666666667;4093,44791666667;431;420869;4,48958333333333;4384,05208333333
994;392;393363;4,08333333333333;4097,53125000001;423;421292;4,40625;4388,45833333333
995;397;393760;4,13541666666667;4101,66666666667;425;421717;4,42708333333333;4392,88541666667
996;391;394151;4,07291666666667;4105,73958333334;427;422144;4,44791666666667;4397,33333333333
997;397;394548;4,13541666666667;4109,87500000001;425;422569;4,42708333333333;4401,76041666667
998;396;394944;4,125;4114,00000000001;1024;423593;10,6666666666667;4412,42708333333
999;392;395336;4,08333333333333;4118,08333333334;423;424016;4,40625;4416,83333333333
1000;393;395729;4,09375;4122,17708333334;423;424439;4,40625;4421,23958333333
1001;397;396126;4,13541666666667;4126,31250000001;421;424860;4,38541666666667;4425,625
1002;394;396520;4,10416666666667;4130,41666666667;422;425282;4,39583333333333;4430,02083333333
1003;397;396917;4,13541666666667;4134,55208333334;423;425705;4,40625;4434,42708333333
1004;391;397308;4,07291666666667;4138,62500000001;420;426125;4,375;4438,80208333333
1005;396;397704;4,125;4142,75000000001;423;426548;4,40625;4443,20833333333
1006;403;398107;4,19791666666667;4146,94791666667;437;426985;4,55208333333333;4447,76041666667
1007;404;398511;4,20833333333333;4151,15625000001;437;427422;4,55208333333333;4452,3125
1008;413;398924;4,30208333333333;4155,45833333334;435;427857;4,53125;4456,84375
1009;415;399339;4,32291666666667;4159,78125000001;440;428297;4,58333333333333;4461,42708333333
1010;408;399747;4,25;4164,03125000001;440;428737;4,58333333333333;4466,01041666667
1011;410;400157;4,27083333333333;4168,30208333334;436;429173;4,54166666666667;4470,55208333333
1012;392;400549;4,08333333333333;4172,38541666667;420;429593;4,375;4474,92708333333
1013;560;401109;5,83333333333333;4178,21875000001;590;430183;6,14583333333333;4481,07291666667
1014;379;401488;3,94791666666667;4182,16666666667;410;430593;4,27083333333333;4485,34375
1015;378;401866;3,9375;4186,10416666667;414;431007;4,3125;4489,65625
1016;396;402262;4,125;4190,22916666667;420;431427;4,375;4494,03125
1017;636;402898;6,625;4196,85416666667;665;432092;6,92708333333333;4500,95833333333
1018;267;403165;2,78125;4199,63541666667;297;432389;3,09375;4504,05208333333
1019;265;403430;2,76041666666667;4202,39583333334;294;432683;3,0625;4507,11458333333
1020;395;403825;4,11458333333333;4206,51041666667;423;433106;4,40625;4511,52083333333
1021;395;404220;4,11458333333333;4210,62500000001;424;433530;4,41666666666667;4515,9375
1022;265;404485;2,76041666666667;4213,38541666667;297;433827;3,09375;4519,03125
1023;264;404749;2,75;4216,13541666667;294;434121;3,0625;4522,09375
1024;266;405015;2,77083333333333;4218,90625000001;297;434418;3,09375;4525,1875
1025;394;405409;4,10416666666667;4223,01041666667;422;434840;4,39583333333333;4529,58333333333
1026;394;405803;4,10416666666667;4227,11458333334;424;435264;4,41666666666667;4534
1027;396;406199;4,125;4231,23958333334;420;435684;4,375;4538,375
1028;394;406593;4,10416666666667;4235,34375000001;428;436112;4,45833333333333;4542,83333333333
1029;274;406867;2,85416666666667;4238,19791666667;301;436413;3,13541666666667;4545,96875
1030;395;407262;4,11458333333333;4242,31250000001;426;436839;4,4375;4550,40625
1031;273;407535;2,84375;4245,15625000001;304;437143;3,16666666666667;4553,57291666667
1032;273;407808;2,84375;4248,00000000001;307;437450;3,19791666666667;4556,77083333333
1033;396;408204;4,125;4252,12500000001;421;437871;4,38541666666667;4561,15625
1034;347;408551;3,61458333333333;4255,73958333334;377;438248;3,92708333333333;4565,08333333333
1035;394;408945;4,10416666666667;4259,84375000001;423;438671;4,40625;4569,48958333333
1036;276;409221;2,875;4262,71875000001;305;438976;3,17708333333333;4572,66666666667
1037;272;409493;2,83333333333333;4265,55208333334;305;439281;3,17708333333333;4575,84375
1038;392;409885;4,08333333333333;4269,63541666667;428;439709;4,45833333333333;4580,30208333333
1039;396;410281;4,125;4273,76041666667;428;440137;4,45833333333333;4584,76041666667
1040;274;410555;2,85416666666667;4276,61458333334;302;440439;3,14583333333333;4587,90625
1041;392;410947;4,08333333333333;4280,69791666667;427;440866;4,44791666666667;4592,35416666667
1042;397;411344;4,13541666666667;4284,83333333334;423;441289;4,40625;4596,76041666667
1043;397;411741;4,13541666666667;4288,96875000001;424;441713;4,41666666666667;4601,17708333333
1044;399;412140;4,15625;4293,12500000001;679;442392;7,07291666666667;4608,25
1045;396;412536;4,125;4297,25000000001;2196;444588;22,875;4631,125
1046;399;412935;4,15625;4301,40625000001;429;445017;4,46875;4635,59375
1047;395;413330;4,11458333333333;4305,52083333334;427;445444;4,44791666666667;4640,04166666667
1048;395;413725;4,11458333333333;4309,63541666667;428;445872;4,45833333333333;4644,5
1049;627;414352;6,53125;4316,16666666667;656;446528;6,83333333333333;4651,33333333333
1050;398;414750;4,14583333333333;4320,31250000001;422;446950;4,39583333333333;4655,72916666667
1051;399;415149;4,15625;4324,46875000001;423;447373;4,40625;4660,13541666667
1052;397;415546;4,13541666666667;4328,60416666667;423;447796;4,40625;4664,54166666667
1053;398;415944;4,14583333333333;4332,75000000001;435;448231;4,53125;4669,07291666667
1054;404;416348;4,20833333333333;4336,95833333334;423;448654;4,40625;4673,47916666667
1055;394;416742;4,10416666666667;4341,06250000001;425;449079;4,42708333333333;4677,90625
1056;395;417137;4,11458333333333;4345,17708333334;425;449504;4,42708333333333;4682,33333333333
1057;400;417537;4,16666666666667;4349,34375000001;424;449928;4,41666666666667;4686,75
1058;395;417932;4,11458333333333;4353,45833333334;427;450355;4,44791666666667;4691,19791666667
1059;394;418326;4,10416666666667;4357,56250000001;427;450782;4,44791666666667;4695,64583333333
1060;394;418720;4,10416666666667;4361,66666666667;431;451213;4,48958333333333;4700,13541666667
1061;396;419116;4,125;4365,79166666667;421;451634;4,38541666666667;4704,52083333333
1062;395;419511;4,11458333333333;4369,90625000001;428;452062;4,45833333333333;4708,97916666667
1063;394;419905;4,10416666666667;4374,01041666667;425;452487;4,42708333333333;4713,40625
1064;398;420303;4,14583333333333;4378,15625000001;422;452909;4,39583333333333;4717,80208333333
1065;403;420706;4,19791666666667;4382,35416666667;423;453332;4,40625;4722,20833333333
1066;399;421105;4,15625;4386,51041666667;425;453757;4,42708333333333;4726,63541666666
1067;445;421550;4,63541666666667;4391,14583333334;420;454177;4,375;4731,01041666666
1068;396;421946;4,125;4395,27083333334;425;454602;4,42708333333333;4735,4375
1069;394;422340;4,10416666666667;4399,37500000001;422;455024;4,39583333333333;4739,83333333333
1070;393;422733;4,09375;4403,46875000001;427;455451;4,44791666666667;4744,28125
1071;397;423130;4,13541666666667;4407,60416666667;422;455873;4,39583333333333;4748,67708333333
1072;394;423524;4,10416666666667;4411,70833333334;421;456294;4,38541666666667;4753,0625
1073;394;423918;4,10416666666667;4415,81250000001;426;456720;4,4375;4757,5
1074;393;424311;4,09375;4419,90625000001;419;457139;4,36458333333333;4761,86458333333
1075;392;424703;4,08333333333333;4423,98958333334;425;457564;4,42708333333333;4766,29166666666
1076;397;425100;4,13541666666667;4428,12500000001;422;457986;4,39583333333333;4770,6875
1077;396;425496;4,125;4432,25000000001;427;458413;4,44791666666667;4775,13541666666
1078;398;425894;4,14583333333333;4436,39583333334;428;458841;4,45833333333333;4779,59375
1079;394;426288;4,10416666666667;4440,50000000001;426;459267;4,4375;4784,03125
1080;398;426686;4,14583333333333;4444,64583333334;430;459697;4,47916666666667;4788,51041666666
1081;403;427089;4,19791666666667;4448,84375000001;421;460118;4,38541666666667;4792,89583333333
1082;397;427486;4,13541666666667;4452,97916666667;425;460543;4,42708333333333;4797,32291666666
1083;394;427880;4,10416666666667;4457,08333333334;425;460968;4,42708333333333;4801,75
1084;395;428275;4,11458333333333;4461,19791666667;426;461394;4,4375;4806,1875
1085;395;428670;4,11458333333333;4465,31250000001;1059;462453;11,03125;4817,21875
1086;395;429065;4,11458333333333;4469,42708333334;431;462884;4,48958333333333;4821,70833333333
1087;394;429459;4,10416666666667;4473,53125000001;425;463309;4,42708333333333;4826,13541666666
1088;395;429854;4,11458333333333;4477,64583333334;425;463734;4,42708333333333;4830,5625
1089;397;430251;4,13541666666667;4481,78125000001;423;464157;4,40625;4834,96875
1090;394;430645;4,10416666666667;4485,88541666667;426;464583;4,4375;4839,40625
1091;394;431039;4,10416666666667;4489,98958333334;423;465006;4,40625;4843,8125
1092;394;431433;4,10416666666667;4494,09375000001;424;465430;4,41666666666667;4848,22916666666
1093;393;431826;4,09375;4498,18750000001;425;465855;4,42708333333333;4852,65625
1094;395;432221;4,11458333333333;4502,30208333334;425;466280;4,42708333333333;4857,08333333333
1095;394;432615;4,10416666666667;4506,40625000001;425;466705;4,42708333333333;4861,51041666666
1096;394;433009;4,10416666666667;4510,51041666668;422;467127;4,39583333333333;4865,90625
1097;393;433402;4,09375;4514,60416666668;423;467550;4,40625;4870,31249999999
1098;392;433794;4,08333333333333;4518,68750000001;426;467976;4,4375;4874,74999999999
1099;394;434188;4,10416666666667;4522,79166666668;430;468406;4,47916666666667;4879,22916666666
1100;397;434585;4,13541666666667;4526,92708333334;425;468831;4,42708333333333;4883,65624999999
1101;394;434979;4,10416666666667;4531,03125000001;424;469255;4,41666666666667;4888,07291666666
1102;395;435374;4,11458333333333;4535,14583333334;436;469691;4,54166666666667;4892,61458333333
1103;393;435767;4,09375;4539,23958333334;425;470116;4,42708333333333;4897,04166666666
1104;395;436162;4,11458333333333;4543,35416666668;426;470542;4,4375;4901,47916666666
1105;396;436558;4,125;4547,47916666668;423;470965;4,40625;4905,88541666666
1106;393;436951;4,09375;4551,57291666668;424;471389;4,41666666666667;4910,30208333333
1107;393;437344;4,09375;4555,66666666668;424;471813;4,41666666666667;4914,71875
1108;393;437737;4,09375;4559,76041666668;426;472239;4,4375;4919,15625
1109;390;438127;4,0625;4563,82291666668;423;472662;4,40625;4923,5625
1110;395;438522;4,11458333333333;4567,93750000001;424;473086;4,41666666666667;4927,97916666666
1111;398;438920;4,14583333333333;4572,08333333334;423;473509;4,40625;4932,38541666666
1112;391;439311;4,07291666666667;4576,15625000001;424;473933;4,41666666666667;4936,80208333333
1113;395;439706;4,11458333333333;4580,27083333334;426;474359;4,4375;4941,23958333333
1114;392;440098;4,08333333333333;4584,35416666667;427;474786;4,44791666666667;4945,6875
1115;392;440490;4,08333333333333;4588,43750000001;423;475209;4,40625;4950,09375
1116;398;440888;4,14583333333333;4592,58333333334;423;475632;4,40625;4954,5
1117;401;441289;4,17708333333333;4596,76041666667;439;476071;4,57291666666667;4959,07291666666
1118;396;441685;4,125;4600,88541666667;427;476498;4,44791666666667;4963,52083333333
1119;395;442080;4,11458333333333;4605,00000000001;428;476926;4,45833333333333;4967,97916666666
1120;398;442478;4,14583333333333;4609,14583333334;426;477352;4,4375;4972,41666666666
1121;395;442873;4,11458333333333;4613,26041666667;426;477778;4,4375;4976,85416666666
1122;396;443269;4,125;4617,38541666667;425;478203;4,42708333333333;4981,28125
1123;397;443666;4,13541666666667;4621,52083333334;425;478628;4,42708333333333;4985,70833333333
1124;391;444057;4,07291666666667;4625,59375000001;1136;479764;11,8333333333333;4997,54166666666
1125;398;444455;4,14583333333333;4629,73958333334;428;480192;4,45833333333333;5002
1126;395;444850;4,11458333333333;4633,85416666667;431;480623;4,48958333333333;5006,48958333333
1127;393;445243;4,09375;4637,94791666667;430;481053;4,47916666666667;5010,96875
1128;394;445637;4,10416666666667;4642,05208333334;425;481478;4,42708333333333;5015,39583333333
1129;395;446032;4,11458333333333;4646,16666666667;426;481904;4,4375;5019,83333333333
1130;408;446440;4,25;4650,41666666667;440;482344;4,58333333333333;5024,41666666666
1131;393;446833;4,09375;4654,51041666667;423;482767;4,40625;5028,82291666666
1132;393;447226;4,09375;4658,60416666667;425;483192;4,42708333333333;5033,24999999999
1133;437;447663;4,55208333333333;4663,15625000001;440;483632;4,58333333333333;5037,83333333333
1134;392;448055;4,08333333333333;4667,23958333334;426;484058;4,4375;5042,27083333333
1135;392;448447;4,08333333333333;4671,32291666667;425;484483;4,42708333333333;5046,69791666666
1136;394;448841;4,10416666666667;4675,42708333334;423;484906;4,40625;5051,10416666666
1137;398;449239;4,14583333333333;4679,57291666667;425;485331;4,42708333333333;5055,53124999999
1138;392;449631;4,08333333333333;4683,65625000001;425;485756;4,42708333333333;5059,95833333333
1139;400;450031;4,16666666666667;4687,82291666667;426;486182;4,4375;5064,39583333333
1140;391;450422;4,07291666666667;4691,89583333334;425;486607;4,42708333333333;5068,82291666666
1141;395;450817;4,11458333333333;4696,01041666667;425;487032;4,42708333333333;5073,24999999999
1142;397;451214;4,13541666666667;4700,14583333334;423;487455;4,40625;5077,65624999999
1143;397;451611;4,13541666666667;4704,28125000001;423;487878;4,40625;5082,06249999999
1144;389;452000;4,05208333333333;4708,33333333334;421;488299;4,38541666666667;5086,44791666666
1145;396;452396;4,125;4712,45833333334;423;488722;4,40625;5090,85416666666
1146;398;452794;4,14583333333333;4716,60416666667;422;489144;4,39583333333333;5095,24999999999
1147;396;453190;4,125;4720,72916666667;418;489562;4,35416666666667;5099,60416666666
1148;394;453584;4,10416666666667;4724,83333333334;426;489988;4,4375;5104,04166666666
1149;393;453977;4,09375;4728,92708333334;426;490414;4,4375;5108,47916666666
1150;389;454366;4,05208333333333;4732,97916666667;423;490837;4,40625;5112,88541666666
1151;396;454762;4,125;4737,10416666667;425;491262;4,42708333333333;5117,31249999999
1152;396;455158;4,125;4741,22916666667;425;491687;4,42708333333333;5121,73958333333
1153;391;455549;4,07291666666667;4745,30208333334;423;492110;4,40625;5126,14583333333
1154;394;455943;4,10416666666667;4749,40625000001;429;492539;4,46875;5130,61458333333
1155;394;456337;4,10416666666667;4753,51041666667;427;492966;4,44791666666667;5135,06249999999
1156;397;456734;4,13541666666667;4757,64583333334;423;493389;4,40625;5139,46874999999
1157;395;457129;4,11458333333333;4761,76041666667;449;493838;4,67708333333333;5144,14583333333
1158;393;457522;4,09375;4765,85416666667;426;494264;4,4375;5148,58333333333
1159;395;457917;4,11458333333333;4769,96875000001;426;494690;4,4375;5153,02083333333
1160;397;458314;4,13541666666667;4774,10416666667;430;495120;4,47916666666667;5157,49999999999
1161;391;458705;4,07291666666667;4778,17708333334;425;495545;4,42708333333333;5161,92708333333
1162;396;459101;4,125;4782,30208333334;423;495968;4,40625;5166,33333333333
1163;396;459497;4,125;4786,42708333334;426;496394;4,4375;5170,77083333333
1164;398;459895;4,14583333333333;4790,57291666667;425;496819;4,42708333333333;5175,19791666666
1165;394;460289;4,10416666666667;4794,67708333334;427;497246;4,44791666666667;5179,64583333333
1166;397;460686;4,13541666666667;4798,81250000001;423;497669;4,40625;5184,05208333333
1167;395;461081;4,11458333333333;4802,92708333334;428;498097;4,45833333333333;5188,51041666666
1168;397;461478;4,13541666666667;4807,06250000001;423;498520;4,40625;5192,91666666666
1169;394;461872;4,10416666666667;4811,16666666667;422;498942;4,39583333333333;5197,31249999999
1170;396;462268;4,125;4815,29166666667;423;499365;4,40625;5201,71874999999
1171;395;462663;4,11458333333333;4819,40625000001;426;499791;4,4375;5206,15624999999
1172;394;463057;4,10416666666667;4823,51041666667;426;500217;4,4375;5210,59374999999
1173;397;463454;4,13541666666667;4827,64583333334;428;500645;4,45833333333333;5215,05208333333
1174;394;463848;4,10416666666667;4831,75000000001;426;501071;4,4375;5219,48958333333
1175;393;464241;4,09375;4835,84375000001;423;501494;4,40625;5223,89583333333
1176;396;464637;4,125;4839,96875000001;423;501917;4,40625;5228,30208333332
1177;393;465030;4,09375;4844,06250000001;424;502341;4,41666666666667;5232,71874999999
1178;408;465438;4,25;4848,31250000001;424;502765;4,41666666666667;5237,13541666666
1179;402;465840;4,1875;4852,50000000001;420;503185;4,375;5241,51041666666
1180;395;466235;4,11458333333333;4856,61458333334;428;503613;4,45833333333333;5245,96874999999
1181;395;466630;4,11458333333333;4860,72916666667;427;504040;4,44791666666667;5250,41666666666
1182;398;467028;4,14583333333333;4864,87500000001;426;504466;4,4375;5254,85416666666
1183;396;467424;4,125;4869,00000000001;426;504892;4,4375;5259,29166666666
1184;395;467819;4,11458333333333;4873,11458333334;426;505318;4,4375;5263,72916666666
1185;396;468215;4,125;4877,23958333334;423;505741;4,40625;5268,13541666666
1186;393;468608;4,09375;4881,33333333334;420;506161;4,375;5272,51041666666
1187;394;469002;4,10416666666667;4885,43750000001;429;506590;4,46875;5276,97916666666
1188;394;469396;4,10416666666667;4889,54166666667;427;507017;4,44791666666667;5281,42708333333
1189;396;469792;4,125;4893,66666666667;427;507444;4,44791666666667;5285,87499999999
1190;394;470186;4,10416666666667;4897,77083333334;429;507873;4,46875;5290,34374999999
1191;393;470579;4,09375;4901,86458333334;429;508302;4,46875;5294,81249999999
1192;395;470974;4,11458333333333;4905,97916666667;425;508727;4,42708333333333;5299,23958333333
1193;396;471370;4,125;4910,10416666667;426;509153;4,4375;5303,67708333333
1194;395;471765;4,11458333333333;4914,21875000001;423;509576;4,40625;5308,08333333333
1195;396;472161;4,125;4918,34375000001;426;510002;4,4375;5312,52083333333
1196;398;472559;4,14583333333333;4922,48958333334;435;510437;4,53125;5317,05208333333
1197;393;472952;4,09375;4926,58333333334;1301;511738;13,5520833333333;5330,60416666666
1198;397;473349;4,13541666666667;4930,71875000001;424;512162;4,41666666666667;5335,02083333333
1199;435;473784;4,53125;4935,25000000001;423;512585;4,40625;5339,42708333333
1200;393;474177;4,09375;4939,34375000001;425;513010;4,42708333333333;5343,85416666666
1201;391;474568;4,07291666666667;4943,41666666667;423;513433;4,40625;5348,26041666666
1202;396;474964;4,125;4947,54166666667;425;513858;4,42708333333333;5352,68749999999
1203;394;475358;4,10416666666667;4951,64583333334;423;514281;4,40625;5357,09374999999
1204;393;475751;4,09375;4955,73958333334;425;514706;4,42708333333333;5361,52083333332
1205;397;476148;4,13541666666667;4959,87500000001;426;515132;4,4375;5365,95833333332
1206;389;476537;4,05208333333333;4963,92708333334;421;515553;4,38541666666667;5370,34374999999
1207;387;476924;4,03125;4967,95833333334;428;515981;4,45833333333333;5374,80208333333
1208;395;477319;4,11458333333333;4972,07291666667;424;516405;4,41666666666667;5379,21874999999
1209;396;477715;4,125;4976,19791666667;428;516833;4,45833333333333;5383,67708333333
1210;395;478110;4,11458333333333;4980,31250000001;423;517256;4,40625;5388,08333333332
1211;391;478501;4,07291666666667;4984,38541666667;427;517683;4,44791666666667;5392,53124999999
1212;391;478892;4,07291666666667;4988,45833333334;432;518115;4,5;5397,03124999999
1213;1352;480244;14,0833333333333;5002,54166666667;1400;519515;14,5833333333333;5411,61458333333
1214;391;480635;4,07291666666667;5006,61458333334;423;519938;4,40625;5416,02083333332
1215;390;481025;4,0625;5010,67708333334;421;520359;4,38541666666667;5420,40624999999
1216;394;481419;4,10416666666667;5014,78125000001;422;520781;4,39583333333333;5424,80208333333
1217;393;481812;4,09375;5018,87500000001;422;521203;4,39583333333333;5429,19791666666
