"MUT";"SRUN";"SCT";"SAVGTCT";"SCTCT";"TRUN";"TCT";"TAVGTCT";"TCTCT"
1;174;174;2,56;2,56;170;170;2,50;2,50
2;160;334;2,35;4,91;170;340;2,50;5,00
3;157;491;2,31;7,22;168;508;2,47;7,47
4;156;647;2,29;9,51;170;678;2,50;9,97
5;156;803;2,29;11,81;169;847;2,49;12,46
6;157;960;2,31;14,12;168;1015;2,47;14,93
7;157;1117;2,31;16,43;168;1183;2,47;17,40
8;157;1274;2,31;18,74;169;1352;2,49;19,88
9;155;1429;2,28;21,01;169;1521;2,49;22,37
10;157;1586;2,31;23,32;169;1690;2,49;24,85
11;157;1743;2,31;25,63;172;1862;2,53;27,38
12;156;1899;2,29;27,93;169;2031;2,49;29,87
13;156;2055;2,29;30,22;169;2200;2,49;32,35
14;155;2210;2,28;32,50;170;2370;2,50;34,85
15;154;2364;2,26;34,76;169;2539;2,49;37,34
16;153;2517;2,25;37,01;169;2708;2,49;39,82
17;157;2674;2,31;39,32;169;2877;2,49;42,31
18;158;2832;2,32;41,65;170;3047;2,50;44,81
19;155;2987;2,28;43,93;169;3216;2,49;47,29
20;156;3143;2,29;46,22;169;3385;2,49;49,78
21;152;3295;2,24;48,46;169;3554;2,49;52,26
22;156;3451;2,29;50,75;169;3723;2,49;54,75
23;154;3605;2,26;53,01;170;3893;2,50;57,25
24;153;3758;2,25;55,26;170;4063;2,50;59,75
25;157;3915;2,31;57,57;172;4235;2,53;62,28
26;156;4071;2,29;59,87;168;4403;2,47;64,75
27;155;4226;2,28;62,15;169;4572;2,49;67,24
28;154;4380;2,26;64,41;170;4742;2,50;69,74
29;157;4537;2,31;66,72;169;4911;2,49;72,22
30;155;4692;2,28;69,00;170;5081;2,50;74,72
31;156;4848;2,29;71,29;171;5252;2,51;77,24
32;155;5003;2,28;73,57;170;5422;2,50;79,74
33;154;5157;2,26;75,84;172;5594;2,53;82,26
34;154;5311;2,26;78,10;172;5766;2,53;84,79
35;156;5467;2,29;80,40;171;5937;2,51;87,31
36;155;5622;2,28;82,68;171;6108;2,51;89,82
37;155;5777;2,28;84,96;169;6277;2,49;92,31
38;154;5931;2,26;87,22;169;6446;2,49;94,79
39;158;6089;2,32;89,54;169;6615;2,49;97,28
40;157;6246;2,31;91,85;174;6789;2,56;99,84
41;155;6401;2,28;94,13;169;6958;2,49;102,32
42;158;6559;2,32;96,46;171;7129;2,51;104,84
43;156;6715;2,29;98,75;171;7300;2,51;107,35
44;154;6869;2,26;101,01;170;7470;2,50;109,85
45;155;7024;2,28;103,29;168;7638;2,47;112,32
46;157;7181;2,31;105,60;168;7806;2,47;114,79
47;155;7336;2,28;107,88;169;7975;2,49;117,28
48;155;7491;2,28;110,16;168;8143;2,47;119,75
49;156;7647;2,29;112,46;167;8310;2,46;122,21
50;159;7806;2,34;114,79;167;8477;2,46;124,66
51;155;7961;2,28;117,07;170;8647;2,50;127,16
52;154;8115;2,26;119,34;168;8815;2,47;129,63
53;157;8272;2,31;121,65;167;8982;2,46;132,09
54;157;8429;2,31;123,96;165;9147;2,43;134,51
55;156;8585;2,29;126,25;168;9315;2,47;136,99
56;156;8741;2,29;128,54;167;9482;2,46;139,44
57;154;8895;2,26;130,81;167;9649;2,46;141,90
58;154;9049;2,26;133,07;169;9818;2,49;144,38
59;156;9205;2,29;135,37;167;9985;2,46;146,84
60;154;9359;2,26;137,63;168;10153;2,47;149,31
61;157;9516;2,31;139,94;167;10320;2,46;151,76
62;158;9674;2,32;142,26;168;10488;2,47;154,24
63;156;9830;2,29;144,56;172;10660;2,53;156,76
64;156;9986;2,29;146,85;171;10831;2,51;159,28
65;153;10139;2,25;149,10;168;10999;2,47;161,75
66;155;10294;2,28;151,38;170;11169;2,50;164,25
67;154;10448;2,26;153,65;169;11338;2,49;166,74
68;158;10606;2,32;155,97;170;11508;2,50;169,24
69;154;10760;2,26;158,24;170;11678;2,50;171,74
70;158;10918;2,32;160,56;191;11869;2,81;174,54
71;156;11074;2,29;162,85;171;12040;2,51;177,06
72;157;11231;2,31;165,16;168;12208;2,47;179,53
73;156;11387;2,29;167,46;168;12376;2,47;182,00
74;155;11542;2,28;169,74;168;12544;2,47;184,47
75;155;11697;2,28;172,01;169;12713;2,49;186,96
76;155;11852;2,28;174,29;172;12885;2,53;189,49
77;157;12009;2,31;176,60;169;13054;2,49;191,97
78;158;12167;2,32;178,93;173;13227;2,54;194,51
79;154;12321;2,26;181,19;172;13399;2,53;197,04
80;157;12478;2,31;183,50;170;13569;2,50;199,54
81;154;12632;2,26;185,76;168;13737;2,47;202,01
82;155;12787;2,28;188,04;169;13906;2,49;204,50
83;155;12942;2,28;190,32;171;14077;2,51;207,01
84;156;13098;2,29;192,62;171;14248;2,51;209,53
85;155;13253;2,28;194,90;169;14417;2,49;212,01
86;156;13409;2,29;197,19;166;14583;2,44;214,46
87;155;13564;2,28;199,47;166;14749;2,44;216,90
88;155;13719;2,28;201,75;172;14921;2,53;219,43
89;155;13874;2,28;204,03;168;15089;2,47;221,90
90;154;14028;2,26;206,29;170;15259;2,50;224,40
91;155;14183;2,28;208,57;170;15429;2,50;226,90
92;157;14340;2,31;210,88;169;15598;2,49;229,38
93;157;14497;2,31;213,19;168;15766;2,47;231,85
94;155;14652;2,28;215,47;171;15937;2,51;234,37
95;157;14809;2,31;217,78;172;16109;2,53;236,90
96;155;14964;2,28;220,06;170;16279;2,50;239,40
97;157;15121;2,31;222,37;169;16448;2,49;241,88
98;156;15277;2,29;224,66;169;16617;2,49;244,37
99;156;15433;2,29;226,96;168;16785;2,47;246,84
100;155;15588;2,28;229,24;170;16955;2,50;249,34
101;156;15744;2,29;231,53;170;17125;2,50;251,84
102;157;15901;2,31;233,84;171;17296;2,51;254,35
103;155;16056;2,28;236,12;170;17466;2,50;256,85
104;157;16213;2,31;238,43;171;17637;2,51;259,37
105;155;16368;2,28;240,71;169;17806;2,49;261,85
106;156;16524;2,29;243,00;169;17975;2,49;264,34
107;156;16680;2,29;245,29;171;18146;2,51;266,85
108;158;16838;2,32;247,62;169;18315;2,49;269,34
109;156;16994;2,29;249,91;171;18486;2,51;271,85
110;155;17149;2,28;252,19;171;18657;2,51;274,37
111;156;17305;2,29;254,49;173;18830;2,54;276,91
112;156;17461;2,29;256,78;174;19004;2,56;279,47
113;154;17615;2,26;259,04;377;19381;5,54;285,01
114;155;17770;2,28;261,32;651;20032;9,57;294,59
115;154;17924;2,26;263,59;170;20202;2,50;297,09
116;157;18081;2,31;265,90;170;20372;2,50;299,59
117;157;18238;2,31;268,21;170;20542;2,50;302,09
118;157;18395;2,31;270,51;170;20712;2,50;304,59
119;154;18549;2,26;272,78;170;20882;2,50;307,09
120;156;18705;2,29;275,07;170;21052;2,50;309,59
121;155;18860;2,28;277,35;169;21221;2,49;312,07
122;154;19014;2,26;279,62;174;21395;2,56;314,63
123;153;19167;2,25;281,87;172;21567;2,53;317,16
124;153;19320;2,25;284,12;170;21737;2,50;319,66
125;156;19476;2,29;286,41;204;21941;3,00;322,66
126;158;19634;2,32;288,74;166;22107;2,44;325,10
127;157;19791;2,31;291,04;166;22273;2,44;327,54
128;155;19946;2,28;293,32;169;22442;2,49;330,03
129;158;20104;2,32;295,65;168;22610;2,47;332,50
130;156;20260;2,29;297,94;170;22780;2,50;335,00
131;157;20417;2,31;300,25;172;22952;2,53;337,53
132;162;20579;2,38;302,63;172;23124;2,53;340,06
133;155;20734;2,28;304,91;166;23290;2,44;342,50
134;157;20891;2,31;307,22;168;23458;2,47;344,97
135;160;21051;2,35;309,57;169;23627;2,49;347,46
136;160;21211;2,35;311,93;166;23793;2,44;349,90
137;157;21368;2,31;314,24;167;23960;2,46;352,35
138;157;21525;2,31;316,54;166;24126;2,44;354,79
139;157;21682;2,31;318,85;165;24291;2,43;357,22
140;158;21840;2,32;321,18;167;24458;2,46;359,68
141;157;21997;2,31;323,49;169;24627;2,49;362,16
142;158;22155;2,32;325,81;167;24794;2,46;364,62
143;158;22313;2,32;328,13;169;24963;2,49;367,10
144;155;22468;2,28;330,41;169;25132;2,49;369,59
145;157;22625;2,31;332,72;169;25301;2,49;372,07
146;158;22783;2,32;335,04;169;25470;2,49;374,56
147;155;22938;2,28;337,32;168;25638;2,47;377,03
148;155;23093;2,28;339,60;167;25805;2,46;379,49
149;157;23250;2,31;341,91;167;25972;2,46;381,94
150;158;23408;2,32;344,24;171;26143;2,51;384,46
151;158;23566;2,32;346,56;170;26313;2,50;386,96
152;156;23722;2,29;348,85;171;26484;2,51;389,47
153;155;23877;2,28;351,13;168;26652;2,47;391,94
154;159;24036;2,34;353,47;169;26821;2,49;394,43
155;157;24193;2,31;355,78;168;26989;2,47;396,90
156;156;24349;2,29;358,07;167;27156;2,46;399,35
157;154;24503;2,26;360,34;166;27322;2,44;401,79
158;153;24656;2,25;362,59;168;27490;2,47;404,26
159;152;24808;2,24;364,82;168;27658;2,47;406,74
160;153;24961;2,25;367,07;169;27827;2,49;409,22
161;153;25114;2,25;369,32;166;27993;2,44;411,66
162;155;25269;2,28;371,60;170;28163;2,50;414,16
163;151;25420;2,22;373,82;167;28330;2,46;416,62
164;156;25576;2,29;376,12;169;28499;2,49;419,10
165;154;25730;2,26;378,38;168;28667;2,47;421,57
166;155;25885;2,28;380,66;169;28836;2,49;424,06
167;152;26037;2,24;382,90;168;29004;2,47;426,53
168;153;26190;2,25;385,15;169;29173;2,49;429,01
169;153;26343;2,25;387,40;167;29340;2,46;431,47
170;153;26496;2,25;389,65;168;29508;2,47;433,94
171;154;26650;2,26;391,91;169;29677;2,49;436,43
172;152;26802;2,24;394,15;166;29843;2,44;438,87
173;152;26954;2,24;396,38;168;30011;2,47;441,34
174;153;27107;2,25;398,63;168;30179;2,47;443,81
175;153;27260;2,25;400,88;167;30346;2,46;446,26
176;153;27413;2,25;403,13;168;30514;2,47;448,74
177;154;27567;2,26;405,40;170;30684;2,50;451,24
178;152;27719;2,24;407,63;168;30852;2,47;453,71
179;152;27871;2,24;409,87;167;31019;2,46;456,16
180;151;28022;2,22;412,09;168;31187;2,47;458,63
181;153;28175;2,25;414,34;168;31355;2,47;461,10
182;153;28328;2,25;416,59;168;31523;2,47;463,57
183;154;28482;2,26;418,85;167;31690;2,46;466,03
184;153;28635;2,25;421,10;170;31860;2,50;468,53
185;153;28788;2,25;423,35;169;32029;2,49;471,01
186;151;28939;2,22;425,57;168;32197;2,47;473,49
187;153;29092;2,25;427,82;166;32363;2,44;475,93
188;152;29244;2,24;430,06;170;32533;2,50;478,43
189;153;29397;2,25;432,31;168;32701;2,47;480,90
190;154;29551;2,26;434,57;169;32870;2,49;483,38
191;153;29704;2,25;436,82;168;33038;2,47;485,85
192;154;29858;2,26;439,09;169;33207;2,49;488,34
193;153;30011;2,25;441,34;169;33376;2,49;490,82
194;156;30167;2,29;443,63;168;33544;2,47;493,29
195;151;30318;2,22;445,85;169;33713;2,49;495,78
196;152;30470;2,24;448,09;168;33881;2,47;498,25
197;152;30622;2,24;450,32;169;34050;2,49;500,74
198;153;30775;2,25;452,57;168;34218;2,47;503,21
199;153;30928;2,25;454,82;168;34386;2,47;505,68
200;152;31080;2,24;457,06;168;34554;2,47;508,15
201;154;31234;2,26;459,32;169;34723;2,49;510,63
202;153;31387;2,25;461,57;171;34894;2,51;513,15
203;154;31541;2,26;463,84;168;35062;2,47;515,62
204;151;31692;2,22;466,06;167;35229;2,46;518,07
205;154;31846;2,26;468,32;167;35396;2,46;520,53
206;152;31998;2,24;470,56;169;35565;2,49;523,01
207;151;32149;2,22;472,78;167;35732;2,46;525,47
208;155;32304;2,28;475,06;168;35900;2,47;527,94
209;156;32460;2,29;477,35;169;36069;2,49;530,43
210;152;32612;2,24;479,59;167;36236;2,46;532,88
211;152;32764;2,24;481,82;167;36403;2,46;535,34
212;155;32919;2,28;484,10;169;36572;2,49;537,82
213;153;33072;2,25;486,35;168;36740;2,47;540,29
214;153;33225;2,25;488,60;168;36908;2,47;542,76
215;152;33377;2,24;490,84;170;37078;2,50;545,26
216;156;33533;2,29;493,13;169;37247;2,49;547,75
217;153;33686;2,25;495,38;169;37416;2,49;550,24
218;151;33837;2,22;497,60;167;37583;2,46;552,69
219;152;33989;2,24;499,84;167;37750;2,46;555,15
220;154;34143;2,26;502,10;169;37919;2,49;557,63
221;154;34297;2,26;504,37;168;38087;2,47;560,10
222;153;34450;2,25;506,62;167;38254;2,46;562,56
223;154;34604;2,26;508,88;171;38425;2,51;565,07
224;154;34758;2,26;511,15;169;38594;2,49;567,56
225;154;34912;2,26;513,41;168;38762;2,47;570,03
226;154;35066;2,26;515,68;170;38932;2,50;572,53
227;153;35219;2,25;517,93;168;39100;2,47;575,00
228;155;35374;2,28;520,21;167;39267;2,46;577,46
229;152;35526;2,24;522,44;168;39435;2,47;579,93
230;154;35680;2,26;524,71;171;39606;2,51;582,44
231;152;35832;2,24;526,94;171;39777;2,51;584,96
232;155;35987;2,28;529,22;174;39951;2,56;587,51
233;154;36141;2,26;531,49;172;40123;2,53;590,04
234;154;36295;2,26;533,75;174;40297;2,56;592,60
235;153;36448;2,25;536,00;173;40470;2,54;595,15
236;154;36602;2,26;538,26;167;40637;2,46;597,60
237;153;36755;2,25;540,51;171;40808;2,51;600,12
238;152;36907;2,24;542,75;171;40979;2,51;602,63
239;162;37069;2,38;545,13;171;41150;2,51;605,15
240;153;37222;2,25;547,38;174;41324;2,56;607,71
241;155;37377;2,28;549,66;172;41496;2,53;610,24
242;155;37532;2,28;551,94;167;41663;2,46;612,69
243;153;37685;2,25;554,19;169;41832;2,49;615,18
244;154;37839;2,26;556,46;169;42001;2,49;617,66
245;156;37995;2,29;558,75;171;42172;2,51;620,18
246;154;38149;2,26;561,01;170;42342;2,50;622,68
247;154;38303;2,26;563,28;170;42512;2,50;625,18
248;155;38458;2,28;565,56;171;42683;2,51;627,69
249;153;38611;2,25;567,81;171;42854;2,51;630,21
250;152;38763;2,24;570,04;169;43023;2,49;632,69
251;152;38915;2,24;572,28;169;43192;2,49;635,18
252;154;39069;2,26;574,54;169;43361;2,49;637,66
253;156;39225;2,29;576,84;170;43531;2,50;640,16
254;155;39380;2,28;579,12;169;43700;2,49;642,65
255;155;39535;2,28;581,40;169;43869;2,49;645,13
256;152;39687;2,24;583,63;171;44040;2,51;647,65
257;154;39841;2,26;585,90;169;44209;2,49;650,13
258;154;39995;2,26;588,16;169;44378;2,49;652,62
259;430;40425;6,32;594,49;172;44550;2,53;655,15
260;152;40577;2,24;596,72;170;44720;2,50;657,65
261;152;40729;2,24;598,96;171;44891;2,51;660,16
262;152;40881;2,24;601,19;170;45061;2,50;662,66
263;153;41034;2,25;603,44;170;45231;2,50;665,16
264;154;41188;2,26;605,71;167;45398;2,46;667,62
265;154;41342;2,26;607,97;169;45567;2,49;670,10
266;154;41496;2,26;610,24;170;45737;2,50;672,60
267;155;41651;2,28;612,51;169;45906;2,49;675,09
268;152;41803;2,24;614,75;169;46075;2,49;677,57
269;154;41957;2,26;617,01;169;46244;2,49;680,06
270;153;42110;2,25;619,26;168;46412;2,47;682,53
271;153;42263;2,25;621,51;171;46583;2,51;685,04
272;153;42416;2,25;623,76;166;46749;2,44;687,49
273;154;42570;2,26;626,03;170;46919;2,50;689,99
274;152;42722;2,24;628,26;172;47091;2,53;692,51
275;154;42876;2,26;630,53;168;47259;2,47;694,99
276;156;43032;2,29;632,82;168;47427;2,47;697,46
277;155;43187;2,28;635,10;167;47594;2,46;699,91
278;152;43339;2,24;637,34;168;47762;2,47;702,38
279;156;43495;2,29;639,63;170;47932;2,50;704,88
280;153;43648;2,25;641,88;169;48101;2,49;707,37
281;152;43800;2,24;644,12;170;48271;2,50;709,87
282;154;43954;2,26;646,38;170;48441;2,50;712,37
283;154;44108;2,26;648,65;172;48613;2,53;714,90
284;155;44263;2,28;650,93;169;48782;2,49;717,38
285;152;44415;2,24;653,16;168;48950;2,47;719,85
286;154;44569;2,26;655,43;168;49118;2,47;722,32
287;153;44722;2,25;657,68;170;49288;2,50;724,82
288;155;44877;2,28;659,96;169;49457;2,49;727,31
289;155;45032;2,28;662,24;168;49625;2,47;729,78
290;155;45187;2,28;664,51;169;49794;2,49;732,26
291;154;45341;2,26;666,78;167;49961;2,46;734,72
292;155;45496;2,28;669,06;169;50130;2,49;737,21
293;152;45648;2,24;671,29;169;50299;2,49;739,69
294;153;45801;2,25;673,54;172;50471;2,53;742,22
295;155;45956;2,28;675,82;170;50641;2,50;744,72
296;153;46109;2,25;678,07;170;50811;2,50;747,22
297;154;46263;2,26;680,34;169;50980;2,49;749,71
298;155;46418;2,28;682,62;171;51151;2,51;752,22
299;155;46573;2,28;684,90;170;51321;2,50;754,72
300;155;46728;2,28;687,18;171;51492;2,51;757,24
301;155;46883;2,28;689,46;168;51660;2,47;759,71
302;154;47037;2,26;691,72;167;51827;2,46;762,16
303;154;47191;2,26;693,99;169;51996;2,49;764,65
304;156;47347;2,29;696,28;169;52165;2,49;767,13
305;154;47501;2,26;698,54;168;52333;2,47;769,60
306;151;47652;2,22;700,76;169;52502;2,49;772,09
307;154;47806;2,26;703,03;169;52671;2,49;774,57
308;156;47962;2,29;705,32;169;52840;2,49;777,06
309;156;48118;2,29;707,62;170;53010;2,50;779,56
310;154;48272;2,26;709,88;167;53177;2,46;782,01
311;154;48426;2,26;712,15;170;53347;2,50;784,51
312;202;48628;2,97;715,12;170;53517;2,50;787,01
313;151;48779;2,22;717,34;171;53688;2,51;789,53
314;153;48932;2,25;719,59;170;53858;2,50;792,03
315;152;49084;2,24;721,82;171;54029;2,51;794,54
316;156;49240;2,29;724,12;170;54199;2,50;797,04
317;153;49393;2,25;726,37;170;54369;2,50;799,54
318;152;49545;2,24;728,60;168;54537;2,47;802,01
319;152;49697;2,24;730,84;171;54708;2,51;804,53
320;155;49852;2,28;733,12;170;54878;2,50;807,03
321;154;50006;2,26;735,38;168;55046;2,47;809,50
322;152;50158;2,24;737,62;170;55216;2,50;812,00
323;151;50309;2,22;739,84;169;55385;2,49;814,49
324;155;50464;2,28;742,12;171;55556;2,51;817,00
325;152;50616;2,24;744,35;169;55725;2,49;819,49
326;152;50768;2,24;746,59;168;55893;2,47;821,96
327;152;50920;2,24;748,82;167;56060;2,46;824,41
328;154;51074;2,26;751,09;169;56229;2,49;826,90
329;153;51227;2,25;753,34;172;56401;2,53;829,43
330;155;51382;2,28;755,62;170;56571;2,50;831,93
331;152;51534;2,24;757,85;171;56742;2,51;834,44
332;155;51689;2,28;760,13;167;56909;2,46;836,90
333;152;51841;2,24;762,37;173;57082;2,54;839,44
334;154;51995;2,26;764,63;170;57252;2,50;841,94
335;150;52145;2,21;766,84;171;57423;2,51;844,46
336;155;52300;2,28;769,12;169;57592;2,49;846,94
337;154;52454;2,26;771,38;173;57765;2,54;849,49
338;154;52608;2,26;773,65;170;57935;2,50;851,99
339;155;52763;2,28;775,93;168;58103;2,47;854,46
340;154;52917;2,26;778,19;168;58271;2,47;856,93
341;153;53070;2,25;780,44;173;58444;2,54;859,47
342;155;53225;2,28;782,72;168;58612;2,47;861,94
343;153;53378;2,25;784,97;169;58781;2,49;864,43
344;154;53532;2,26;787,24;171;58952;2,51;866,94
345;155;53687;2,28;789,51;169;59121;2,49;869,43
346;152;53839;2,24;791,75;170;59291;2,50;871,93
347;153;53992;2,25;794,00;172;59463;2,53;874,46
348;156;54148;2,29;796,29;167;59630;2,46;876,91
349;154;54302;2,26;798,56;169;59799;2,49;879,40
350;151;54453;2,22;800,78;170;59969;2,50;881,90
351;152;54605;2,24;803,01;173;60142;2,54;884,44
352;153;54758;2,25;805,26;170;60312;2,50;886,94
353;151;54909;2,22;807,49;171;60483;2,51;889,46
354;152;55061;2,24;809,72;172;60655;2,53;891,99
355;152;55213;2,24;811,96;171;60826;2,51;894,50
356;152;55365;2,24;814,19;173;60999;2,54;897,04
357;152;55517;2,24;816,43;496;61495;7,29;904,34
358;152;55669;2,24;818,66;171;61666;2,51;906,85
359;152;55821;2,24;820,90;169;61835;2,49;909,34
360;153;55974;2,25;823,15;170;62005;2,50;911,84
361;153;56127;2,25;825,40;168;62173;2,47;914,31
362;154;56281;2,26;827,66;171;62344;2,51;916,82
363;153;56434;2,25;829,91;175;62519;2,57;919,40
364;155;56589;2,28;832,19;170;62689;2,50;921,90
365;152;56741;2,24;834,43;166;62855;2,44;924,34
366;152;56893;2,24;836,66;169;63024;2,49;926,82
367;155;57048;2,28;838,94;168;63192;2,47;929,29
368;153;57201;2,25;841,19;168;63360;2,47;931,76
369;153;57354;2,25;843,44;171;63531;2,51;934,28
370;151;57505;2,22;845,66;166;63697;2,44;936,72
371;153;57658;2,25;847,91;167;63864;2,46;939,18
372;151;57809;2,22;850,13;167;64031;2,46;941,63
373;155;57964;2,28;852,41;167;64198;2,46;944,09
374;154;58118;2,26;854,68;168;64366;2,47;946,56
375;152;58270;2,24;856,91;169;64535;2,49;949,04
376;155;58425;2,28;859,19;166;64701;2,44;951,49
377;154;58579;2,26;861,46;167;64868;2,46;953,94
378;151;58730;2,22;863,68;165;65033;2,43;956,37
379;151;58881;2,22;865,90;165;65198;2,43;958,79
380;154;59035;2,26;868,16;165;65363;2,43;961,22
381;152;59187;2,24;870,40;169;65532;2,49;963,71
382;154;59341;2,26;872,66;165;65697;2,43;966,13
383;152;59493;2,24;874,90;168;65865;2,47;968,60
384;154;59647;2,26;877,16;168;66033;2,47;971,07
385;154;59801;2,26;879,43;166;66199;2,44;973,51
386;152;59953;2,24;881,66;165;66364;2,43;975,94
387;153;60106;2,25;883,91;167;66531;2,46;978,40
388;152;60258;2,24;886,15;166;66697;2,44;980,84
389;151;60409;2,22;888,37;167;66864;2,46;983,29
390;157;60566;2,31;890,68;166;67030;2,44;985,74
391;155;60721;2,28;892,96;167;67197;2,46;988,19
392;152;60873;2,24;895,19;167;67364;2,46;990,65
393;152;61025;2,24;897,43;168;67532;2,47;993,12
394;154;61179;2,26;899,69;168;67700;2,47;995,59
395;154;61333;2,26;901,96;168;67868;2,47;998,06
396;154;61487;2,26;904,22;168;68036;2,47;1000,53
397;153;61640;2,25;906,47;167;68203;2,46;1002,99
398;154;61794;2,26;908,74;167;68370;2,46;1005,44
399;152;61946;2,24;910,97;166;68536;2,44;1007,88
400;153;62099;2,25;913,22;169;68705;2,49;1010,37
401;154;62253;2,26;915,49;169;68874;2,49;1012,85
402;152;62405;2,24;917,72;168;69042;2,47;1015,32
403;155;62560;2,28;920,00;168;69210;2,47;1017,79
404;186;62746;2,74;922,74;168;69378;2,47;1020,26
405;152;62898;2,24;924,97;168;69546;2,47;1022,74
406;156;63054;2,29;927,26;168;69714;2,47;1025,21
407;155;63209;2,28;929,54;169;69883;2,49;1027,69
408;153;63362;2,25;931,79;169;70052;2,49;1030,18
409;152;63514;2,24;934,03;165;70217;2,43;1032,60
410;153;63667;2,25;936,28;167;70384;2,46;1035,06
411;152;63819;2,24;938,51;167;70551;2,46;1037,51
412;154;63973;2,26;940,78;166;70717;2,44;1039,96
413;154;64127;2,26;943,04;166;70883;2,44;1042,40
414;154;64281;2,26;945,31;167;71050;2,46;1044,85
415;153;64434;2,25;947,56;168;71218;2,47;1047,32
416;150;64584;2,21;949,76;170;71388;2,50;1049,82
417;152;64736;2,24;952,00;166;71554;2,44;1052,26
418;155;64891;2,28;954,28;168;71722;2,47;1054,74
419;155;65046;2,28;956,56;168;71890;2,47;1057,21
420;154;65200;2,26;958,82;169;72059;2,49;1059,69
421;154;65354;2,26;961,09;169;72228;2,49;1062,18
422;153;65507;2,25;963,34;168;72396;2,47;1064,65
423;154;65661;2,26;965,60;169;72565;2,49;1067,13
424;154;65815;2,26;967,87;168;72733;2,47;1069,60
425;152;65967;2,24;970,10;165;72898;2,43;1072,03
426;155;66122;2,28;972,38;169;73067;2,49;1074,51
427;153;66275;2,25;974,63;166;73233;2,44;1076,96
428;155;66430;2,28;976,91;168;73401;2,47;1079,43
429;157;66587;2,31;979,22;168;73569;2,47;1081,90
430;154;66741;2,26;981,49;166;73735;2,44;1084,34
431;152;66893;2,24;983,72;167;73902;2,46;1086,79
432;152;67045;2,24;985,96;169;74071;2,49;1089,28
433;156;67201;2,29;988,25;168;74239;2,47;1091,75
434;160;67361;2,35;990,60;169;74408;2,49;1094,24
435;153;67514;2,25;992,85;169;74577;2,49;1096,72
436;154;67668;2,26;995,12;166;74743;2,44;1099,16
437;152;67820;2,24;997,35;168;74911;2,47;1101,63
438;153;67973;2,25;999,60;166;75077;2,44;1104,07
439;156;68129;2,29;1001,90;170;75247;2,50;1106,57
440;156;68285;2,29;1004,19;167;75414;2,46;1109,03
441;153;68438;2,25;1006,44;168;75582;2,47;1111,50
442;155;68593;2,28;1008,72;170;75752;2,50;1114,00
443;153;68746;2,25;1010,97;169;75921;2,49;1116,49
444;153;68899;2,25;1013,22;169;76090;2,49;1118,97
445;153;69052;2,25;1015,47;165;76255;2,43;1121,40
446;152;69204;2,24;1017,71;168;76423;2,47;1123,87
447;155;69359;2,28;1019,99;168;76591;2,47;1126,34
448;156;69515;2,29;1022,28;167;76758;2,46;1128,79
449;155;69670;2,28;1024,56;168;76926;2,47;1131,26
450;155;69825;2,28;1026,84;166;77092;2,44;1133,71
451;155;69980;2,28;1029,12;168;77260;2,47;1136,18
452;155;70135;2,28;1031,40;166;77426;2,44;1138,62
453;153;70288;2,25;1033,65;167;77593;2,46;1141,07
454;156;70444;2,29;1035,94;168;77761;2,47;1143,54
455;156;70600;2,29;1038,24;167;77928;2,46;1146,00
456;157;70757;2,31;1040,54;169;78097;2,49;1148,49
457;155;70912;2,28;1042,82;167;78264;2,46;1150,94
458;155;71067;2,28;1045,10;167;78431;2,46;1153,40
459;152;71219;2,24;1047,34;169;78600;2,49;1155,88
460;153;71372;2,25;1049,59;168;78768;2,47;1158,35
461;154;71526;2,26;1051,85;169;78937;2,49;1160,84
462;153;71679;2,25;1054,10;167;79104;2,46;1163,29
463;154;71833;2,26;1056,37;167;79271;2,46;1165,75
464;152;71985;2,24;1058,60;166;79437;2,44;1168,19
465;155;72140;2,28;1060,88;168;79605;2,47;1170,66
466;155;72295;2,28;1063,16;167;79772;2,46;1173,12
467;153;72448;2,25;1065,41;166;79938;2,44;1175,56
468;215;72663;3,16;1068,57;168;80106;2,47;1178,03
469;153;72816;2,25;1070,82;170;80276;2,50;1180,53
470;152;72968;2,24;1073,06;168;80444;2,47;1183,00
471;155;73123;2,28;1075,34;167;80611;2,46;1185,46
472;153;73276;2,25;1077,59;168;80779;2,47;1187,93
473;180;73456;2,65;1080,24;169;80948;2,49;1190,41
474;155;73611;2,28;1082,51;170;81118;2,50;1192,91
475;153;73764;2,25;1084,76;170;81288;2,50;1195,41
476;153;73917;2,25;1087,01;581;81869;8,54;1203,96
477;157;74074;2,31;1089,32;171;82040;2,51;1206,47
478;155;74229;2,28;1091,60;168;82208;2,47;1208,94
479;153;74382;2,25;1093,85;166;82374;2,44;1211,38
480;152;74534;2,24;1096,09;166;82540;2,44;1213,82
481;155;74689;2,28;1098,37;166;82706;2,44;1216,26
482;153;74842;2,25;1100,62;168;82874;2,47;1218,74
483;154;74996;2,26;1102,88;167;83041;2,46;1221,19
484;157;75153;2,31;1105,19;165;83206;2,43;1223,62
485;154;75307;2,26;1107,46;167;83373;2,46;1226,07
486;152;75459;2,24;1109,69;169;83542;2,49;1228,56
487;154;75613;2,26;1111,96;167;83709;2,46;1231,01
488;155;75768;2,28;1114,24;167;83876;2,46;1233,47
489;154;75922;2,26;1116,50;168;84044;2,47;1235,94
490;152;76074;2,24;1118,74;167;84211;2,46;1238,40
491;151;76225;2,22;1120,96;168;84379;2,47;1240,87
492;155;76380;2,28;1123,24;168;84547;2,47;1243,34
493;153;76533;2,25;1125,49;168;84715;2,47;1245,81
494;152;76685;2,24;1127,72;166;84881;2,44;1248,25
495;153;76838;2,25;1129,97;167;85048;2,46;1250,71
496;152;76990;2,24;1132,21;168;85216;2,47;1253,18
497;155;77145;2,28;1134,49;167;85383;2,46;1255,63
498;151;77296;2,22;1136,71;167;85550;2,46;1258,09
499;154;77450;2,26;1138,97;167;85717;2,46;1260,54
500;152;77602;2,24;1141,21;168;85885;2,47;1263,01
501;154;77756;2,26;1143,47;169;86054;2,49;1265,50
502;150;77906;2,21;1145,68;167;86221;2,46;1267,96
503;156;78062;2,29;1147,97;170;86391;2,50;1270,46
504;154;78216;2,26;1150,24;166;86557;2,44;1272,90
505;155;78371;2,28;1152,51;166;86723;2,44;1275,34
506;154;78525;2,26;1154,78;165;86888;2,43;1277,76
507;154;78679;2,26;1157,04;167;87055;2,46;1280,22
508;152;78831;2,24;1159,28;166;87221;2,44;1282,66
509;153;78984;2,25;1161,53;167;87388;2,46;1285,12
510;153;79137;2,25;1163,78;166;87554;2,44;1287,56
511;155;79292;2,28;1166,06;167;87721;2,46;1290,01
512;155;79447;2,28;1168,34;167;87888;2,46;1292,47
513;154;79601;2,26;1170,60;165;88053;2,43;1294,90
514;154;79755;2,26;1172,87;166;88219;2,44;1297,34
515;154;79909;2,26;1175,13;168;88387;2,47;1299,81
516;156;80065;2,29;1177,43;168;88555;2,47;1302,28
517;154;80219;2,26;1179,69;167;88722;2,46;1304,74
518;154;80373;2,26;1181,96;168;88890;2,47;1307,21
519;157;80530;2,31;1184,26;168;89058;2,47;1309,68
520;153;80683;2,25;1186,51;166;89224;2,44;1312,12
521;156;80839;2,29;1188,81;168;89392;2,47;1314,59
522;154;80993;2,26;1191,07;166;89558;2,44;1317,03
523;154;81147;2,26;1193,34;168;89726;2,47;1319,50
524;155;81302;2,28;1195,62;168;89894;2,47;1321,97
525;156;81458;2,29;1197,91;167;90061;2,46;1324,43
526;155;81613;2,28;1200,19;167;90228;2,46;1326,88
527;153;81766;2,25;1202,44;165;90393;2,43;1329,31
528;152;81918;2,24;1204,68;166;90559;2,44;1331,75
529;154;82072;2,26;1206,94;165;90724;2,43;1334,18
530;155;82227;2,28;1209,22;168;90892;2,47;1336,65
531;155;82382;2,28;1211,50;165;91057;2,43;1339,07
532;154;82536;2,26;1213,76;167;91224;2,46;1341,53
533;153;82689;2,25;1216,01;167;91391;2,46;1343,99
534;154;82843;2,26;1218,28;168;91559;2,47;1346,46
535;154;82997;2,26;1220,54;166;91725;2,44;1348,90
536;154;83151;2,26;1222,81;166;91891;2,44;1351,34
537;152;83303;2,24;1225,04;165;92056;2,43;1353,76
538;154;83457;2,26;1227,31;169;92225;2,49;1356,25
539;156;83613;2,29;1229,60;168;92393;2,47;1358,72
540;155;83768;2,28;1231,88;166;92559;2,44;1361,16
541;155;83923;2,28;1234,16;168;92727;2,47;1363,63
542;153;84076;2,25;1236,41;168;92895;2,47;1366,10
543;154;84230;2,26;1238,68;168;93063;2,47;1368,57
544;154;84384;2,26;1240,94;168;93231;2,47;1371,04
545;153;84537;2,25;1243,19;168;93399;2,47;1373,51
546;159;84696;2,34;1245,53;168;93567;2,47;1375,99
547;155;84851;2,28;1247,81;168;93735;2,47;1378,46
548;153;85004;2,25;1250,06;171;93906;2,51;1380,97
549;157;85161;2,31;1252,37;167;94073;2,46;1383,43
550;155;85316;2,28;1254,65;169;94242;2,49;1385,91
551;154;85470;2,26;1256,91;169;94411;2,49;1388,40
552;152;85622;2,24;1259,15;170;94581;2,50;1390,90
553;155;85777;2,28;1261,43;169;94750;2,49;1393,38
554;154;85931;2,26;1263,69;173;94923;2,54;1395,93
555;154;86085;2,26;1265,96;167;95090;2,46;1398,38
556;155;86240;2,28;1268,24;170;95260;2,50;1400,88
557;155;86395;2,28;1270,51;166;95426;2,44;1403,32
558;156;86551;2,29;1272,81;168;95594;2,47;1405,79
559;155;86706;2,28;1275,09;168;95762;2,47;1408,26
560;155;86861;2,28;1277,37;168;95930;2,47;1410,74
561;154;87015;2,26;1279,63;166;96096;2,44;1413,18
562;156;87171;2,29;1281,93;167;96263;2,46;1415,63
563;155;87326;2,28;1284,21;170;96433;2,50;1418,13
564;154;87480;2,26;1286,47;165;96598;2,43;1420,56
565;153;87633;2,25;1288,72;167;96765;2,46;1423,01
566;153;87786;2,25;1290,97;169;96934;2,49;1425,50
567;155;87941;2,28;1293,25;172;97106;2,53;1428,03
568;155;88096;2,28;1295,53;168;97274;2,47;1430,50
569;154;88250;2,26;1297,79;169;97443;2,49;1432,99
570;154;88404;2,26;1300,06;168;97611;2,47;1435,46
571;155;88559;2,28;1302,34;171;97782;2,51;1437,97
572;154;88713;2,26;1304,60;170;97952;2,50;1440,47
573;156;88869;2,29;1306,90;171;98123;2,51;1442,99
574;154;89023;2,26;1309,16;167;98290;2,46;1445,44
575;153;89176;2,25;1311,41;170;98460;2,50;1447,94
576;156;89332;2,29;1313,71;167;98627;2,46;1450,40
577;153;89485;2,25;1315,96;170;98797;2,50;1452,90
578;155;89640;2,28;1318,24;169;98966;2,49;1455,38
579;154;89794;2,26;1320,50;173;99139;2,54;1457,93
580;153;89947;2,25;1322,75;171;99310;2,51;1460,44
581;153;90100;2,25;1325,00;170;99480;2,50;1462,94
582;153;90253;2,25;1327,25;436;99916;6,41;1469,35
583;153;90406;2,25;1329,50;170;100086;2,50;1471,85
584;155;90561;2,28;1331,78;167;100253;2,46;1474,31
585;153;90714;2,25;1334,03;169;100422;2,49;1476,79
586;156;90870;2,29;1336,32;169;100591;2,49;1479,28
587;154;91024;2,26;1338,59;168;100759;2,47;1481,75
588;154;91178;2,26;1340,85;167;100926;2,46;1484,21
589;154;91332;2,26;1343,12;168;101094;2,47;1486,68
590;155;91487;2,28;1345,40;171;101265;2,51;1489,19
591;154;91641;2,26;1347,66;165;101430;2,43;1491,62
592;155;91796;2,28;1349,94;168;101598;2,47;1494,09
593;154;91950;2,26;1352,21;167;101765;2,46;1496,54
594;155;92105;2,28;1354,49;166;101931;2,44;1498,99
595;152;92257;2,24;1356,72;167;102098;2,46;1501,44
596;156;92413;2,29;1359,01;169;102267;2,49;1503,93
597;154;92567;2,26;1361,28;168;102435;2,47;1506,40
598;153;92720;2,25;1363,53;169;102604;2,49;1508,88
599;155;92875;2,28;1365,81;168;102772;2,47;1511,35
600;154;93029;2,26;1368,07;170;102942;2,50;1513,85
601;156;93185;2,29;1370,37;169;103111;2,49;1516,34
602;153;93338;2,25;1372,62;168;103279;2,47;1518,81
603;155;93493;2,28;1374,90;168;103447;2,47;1521,28
604;158;93651;2,32;1377,22;168;103615;2,47;1523,75
605;157;93808;2,31;1379,53;168;103783;2,47;1526,22
606;155;93963;2,28;1381,81;167;103950;2,46;1528,68
607;153;94116;2,25;1384,06;167;104117;2,46;1531,13
608;155;94271;2,28;1386,34;166;104283;2,44;1533,57
609;157;94428;2,31;1388,65;168;104451;2,47;1536,04
610;155;94583;2,28;1390,93;169;104620;2,49;1538,53
611;154;94737;2,26;1393,19;169;104789;2,49;1541,01
612;157;94894;2,31;1395,50;168;104957;2,47;1543,49
613;156;95050;2,29;1397,79;167;105124;2,46;1545,94
614;154;95204;2,26;1400,06;169;105293;2,49;1548,43
615;157;95361;2,31;1402,37;167;105460;2,46;1550,88
616;155;95516;2,28;1404,65;170;105630;2,50;1553,38
617;155;95671;2,28;1406,93;168;105798;2,47;1555,85
618;157;95828;2,31;1409,24;169;105967;2,49;1558,34
619;158;95986;2,32;1411,56;167;106134;2,46;1560,79
620;157;96143;2,31;1413,87;169;106303;2,49;1563,28
621;153;96296;2,25;1416,12;168;106471;2,47;1565,75
622;154;96450;2,26;1418,38;169;106640;2,49;1568,24
623;154;96604;2,26;1420,65;168;106808;2,47;1570,71
624;153;96757;2,25;1422,90;167;106975;2,46;1573,16
625;200;96957;2,94;1425,84;168;107143;2,47;1575,63
626;154;97111;2,26;1428,10;167;107310;2,46;1578,09
627;152;97263;2,24;1430,34;168;107478;2,47;1580,56
628;153;97416;2,25;1432,59;167;107645;2,46;1583,01
629;150;97566;2,21;1434,79;167;107812;2,46;1585,47
630;151;97717;2,22;1437,01;167;107979;2,46;1587,93
631;153;97870;2,25;1439,26;166;108145;2,44;1590,37
632;153;98023;2,25;1441,51;169;108314;2,49;1592,85
633;153;98176;2,25;1443,76;168;108482;2,47;1595,32
634;152;98328;2,24;1446,00;168;108650;2,47;1597,79
635;154;98482;2,26;1448,26;167;108817;2,46;1600,25
636;152;98634;2,24;1450,50;167;108984;2,46;1602,71
637;154;98788;2,26;1452,76;166;109150;2,44;1605,15
638;152;98940;2,24;1455,00;168;109318;2,47;1607,62
639;153;99093;2,25;1457,25;167;109485;2,46;1610,07
640;153;99246;2,25;1459,50;166;109651;2,44;1612,51
641;152;99398;2,24;1461,74;169;109820;2,49;1615,00
642;154;99552;2,26;1464,00;167;109987;2,46;1617,46
643;151;99703;2,22;1466,22;168;110155;2,47;1619,93
644;156;99859;2,29;1468,51;167;110322;2,46;1622,38
645;152;100011;2,24;1470,75;168;110490;2,47;1624,85
646;152;100163;2,24;1472,99;168;110658;2,47;1627,32
647;155;100318;2,28;1475,26;166;110824;2,44;1629,76
648;152;100470;2,24;1477,50;166;110990;2,44;1632,21
649;152;100622;2,24;1479,74;168;111158;2,47;1634,68
650;155;100777;2,28;1482,01;165;111323;2,43;1637,10
651;153;100930;2,25;1484,26;168;111491;2,47;1639,57
652;152;101082;2,24;1486,50;166;111657;2,44;1642,01
653;152;101234;2,24;1488,74;167;111824;2,46;1644,47
654;155;101389;2,28;1491,01;170;111994;2,50;1646,97
655;150;101539;2,21;1493,22;170;112164;2,50;1649,47
656;152;101691;2,24;1495,46;168;112332;2,47;1651,94
657;153;101844;2,25;1497,71;168;112500;2,47;1654,41
658;153;101997;2,25;1499,96;168;112668;2,47;1656,88
659;151;102148;2,22;1502,18;170;112838;2,50;1659,38
660;153;102301;2,25;1504,43;168;113006;2,47;1661,85
661;153;102454;2,25;1506,68;170;113176;2,50;1664,35
662;152;102606;2,24;1508,91;166;113342;2,44;1666,79
663;155;102761;2,28;1511,19;168;113510;2,47;1669,26
664;155;102916;2,28;1513,47;166;113676;2,44;1671,71
665;152;103068;2,24;1515,71;168;113844;2,47;1674,18
666;153;103221;2,25;1517,96;171;114015;2,51;1676,69
667;152;103373;2,24;1520,19;168;114183;2,47;1679,16
668;152;103525;2,24;1522,43;168;114351;2,47;1681,63
669;155;103680;2,28;1524,71;166;114517;2,44;1684,07
670;153;103833;2,25;1526,96;169;114686;2,49;1686,56
671;151;103984;2,22;1529,18;173;114859;2,54;1689,10
672;153;104137;2,25;1531,43;169;115028;2,49;1691,59
673;153;104290;2,25;1533,68;168;115196;2,47;1694,06
674;153;104443;2,25;1535,93;169;115365;2,49;1696,54
675;154;104597;2,26;1538,19;167;115532;2,46;1699,00
676;153;104750;2,25;1540,44;167;115699;2,46;1701,46
677;151;104901;2,22;1542,66;169;115868;2,49;1703,94
678;301;105202;4,43;1547,09;316;116184;4,65;1708,59
679;153;105355;2,25;1549,34;165;116349;2,43;1711,01
680;151;105506;2,22;1551,56;167;116516;2,46;1713,47
681;151;105657;2,22;1553,78;169;116685;2,49;1715,96
682;152;105809;2,24;1556,01;167;116852;2,46;1718,41
683;154;105963;2,26;1558,28;169;117021;2,49;1720,90
684;153;106116;2,25;1560,53;170;117191;2,50;1723,40
685;153;106269;2,25;1562,78;173;117364;2,54;1725,94
686;155;106424;2,28;1565,06;170;117534;2,50;1728,44
687;156;106580;2,29;1567,35;169;117703;2,49;1730,93
688;153;106733;2,25;1569,60;167;117870;2,46;1733,38
689;154;106887;2,26;1571,87;170;118040;2,50;1735,88
690;154;107041;2,26;1574,13;168;118208;2,47;1738,35
691;151;107192;2,22;1576,35;169;118377;2,49;1740,84
692;153;107345;2,25;1578,60;169;118546;2,49;1743,32
693;151;107496;2,22;1580,82;170;118716;2,50;1745,82
694;154;107650;2,26;1583,09;172;118888;2,53;1748,35
695;153;107803;2,25;1585,34;172;119060;2,53;1750,88
696;154;107957;2,26;1587,60;172;119232;2,53;1753,41
697;152;108109;2,24;1589,84;221;119453;3,25;1756,66
698;153;108262;2,25;1592,09;173;119626;2,54;1759,21
699;155;108417;2,28;1594,37;168;119794;2,47;1761,68
700;154;108571;2,26;1596,63;169;119963;2,49;1764,16
701;155;108726;2,28;1598,91;169;120132;2,49;1766,65
702;155;108881;2,28;1601,19;168;120300;2,47;1769,12
703;156;109037;2,29;1603,49;170;120470;2,50;1771,62
704;153;109190;2,25;1605,74;167;120637;2,46;1774,07
705;154;109344;2,26;1608,00;169;120806;2,49;1776,56
706;152;109496;2,24;1610,24;168;120974;2,47;1779,03
707;153;109649;2,25;1612,49;169;121143;2,49;1781,51
708;153;109802;2,25;1614,74;168;121311;2,47;1783,99
709;155;109957;2,28;1617,01;168;121479;2,47;1786,46
710;153;110110;2,25;1619,26;171;121650;2,51;1788,97
711;154;110264;2,26;1621,53;169;121819;2,49;1791,46
712;153;110417;2,25;1623,78;166;121985;2,44;1793,90
713;154;110571;2,26;1626,04;167;122152;2,46;1796,35
714;154;110725;2,26;1628,31;171;122323;2,51;1798,87
715;154;110879;2,26;1630,57;169;122492;2,49;1801,35
716;154;111033;2,26;1632,84;171;122663;2,51;1803,87
717;154;111187;2,26;1635,10;169;122832;2,49;1806,35
718;153;111340;2,25;1637,35;168;123000;2,47;1808,82
719;152;111492;2,24;1639,59;168;123168;2,47;1811,29
720;153;111645;2,25;1641,84;167;123335;2,46;1813,75
721;152;111797;2,24;1644,07;166;123501;2,44;1816,19
722;153;111950;2,25;1646,32;170;123671;2,50;1818,69
723;153;112103;2,25;1648,57;170;123841;2,50;1821,19
724;153;112256;2,25;1650,82;170;124011;2,50;1823,69
725;151;112407;2,22;1653,04;168;124179;2,47;1826,16
726;154;112561;2,26;1655,31;167;124346;2,46;1828,62
727;154;112715;2,26;1657,57;170;124516;2,50;1831,12
728;153;112868;2,25;1659,82;165;124681;2,43;1833,54
729;155;113023;2,28;1662,10;167;124848;2,46;1836,00
730;155;113178;2,28;1664,38;170;125018;2,50;1838,50
731;155;113333;2,28;1666,66;169;125187;2,49;1840,99
732;152;113485;2,24;1668,90;167;125354;2,46;1843,44
733;154;113639;2,26;1671,16;168;125522;2,47;1845,91
734;151;113790;2,22;1673,38;169;125691;2,49;1848,40
735;153;113943;2,25;1675,63;171;125862;2,51;1850,91
736;155;114098;2,28;1677,91;170;126032;2,50;1853,41
737;155;114253;2,28;1680,19;167;126199;2,46;1855,87
738;153;114406;2,25;1682,44;200;126399;2,94;1858,81
739;152;114558;2,24;1684,68;194;126593;2,85;1861,66
740;154;114712;2,26;1686,94;167;126760;2,46;1864,12
741;154;114866;2,26;1689,21;168;126928;2,47;1866,59
742;154;115020;2,26;1691,47;167;127095;2,46;1869,04
743;155;115175;2,28;1693,75;167;127262;2,46;1871,50
744;155;115330;2,28;1696,03;166;127428;2,44;1873,94
745;151;115481;2,22;1698,25;169;127597;2,49;1876,43
746;153;115634;2,25;1700,50;168;127765;2,47;1878,90
747;153;115787;2,25;1702,75;167;127932;2,46;1881,35
748;152;115939;2,24;1704,99;168;128100;2,47;1883,82
749;155;116094;2,28;1707,26;169;128269;2,49;1886,31
750;154;116248;2,26;1709,53;168;128437;2,47;1888,78
751;150;116398;2,21;1711,74;166;128603;2,44;1891,22
752;155;116553;2,28;1714,01;168;128771;2,47;1893,69
753;155;116708;2,28;1716,29;166;128937;2,44;1896,13
754;152;116860;2,24;1718,53;167;129104;2,46;1898,59
755;155;117015;2,28;1720,81;169;129273;2,49;1901,07
756;156;117171;2,29;1723,10;168;129441;2,47;1903,54
757;156;117327;2,29;1725,40;168;129609;2,47;1906,01
758;154;117481;2,26;1727,66;169;129778;2,49;1908,50
759;154;117635;2,26;1729,93;168;129946;2,47;1910,97
760;155;117790;2,28;1732,21;168;130114;2,47;1913,44
761;154;117944;2,26;1734,47;166;130280;2,44;1915,88
762;154;118098;2,26;1736,74;169;130449;2,49;1918,37
763;156;118254;2,29;1739,03;169;130618;2,49;1920,85
764;155;118409;2,28;1741,31;169;130787;2,49;1923,34
765;156;118565;2,29;1743,60;168;130955;2,47;1925,81
766;153;118718;2,25;1745,85;168;131123;2,47;1928,28
767;154;118872;2,26;1748,12;168;131291;2,47;1930,75
768;156;119028;2,29;1750,41;166;131457;2,44;1933,19
769;152;119180;2,24;1752,65;166;131623;2,44;1935,63
770;154;119334;2,26;1754,91;171;131794;2,51;1938,15
771;153;119487;2,25;1757,16;169;131963;2,49;1940,63
772;153;119640;2,25;1759,41;169;132132;2,49;1943,12
773;154;119794;2,26;1761,68;174;132306;2,56;1945,68
774;152;119946;2,24;1763,91;167;132473;2,46;1948,13
775;153;120099;2,25;1766,16;170;132643;2,50;1950,63
776;153;120252;2,25;1768,41;170;132813;2,50;1953,13
777;155;120407;2,28;1770,69;169;132982;2,49;1955,62
778;153;120560;2,25;1772,94;167;133149;2,46;1958,07
779;153;120713;2,25;1775,19;167;133316;2,46;1960,53
780;153;120866;2,25;1777,44;168;133484;2,47;1963,00
781;205;121071;3,01;1780,46;169;133653;2,49;1965,49
782;156;121227;2,29;1782,75;170;133823;2,50;1967,99
783;154;121381;2,26;1785,01;168;133991;2,47;1970,46
784;154;121535;2,26;1787,28;170;134161;2,50;1972,96
785;155;121690;2,28;1789,56;169;134330;2,49;1975,44
786;152;121842;2,24;1791,79;166;134496;2,44;1977,88
787;152;121994;2,24;1794,03;166;134662;2,44;1980,32
788;153;122147;2,25;1796,28;168;134830;2,47;1982,79
789;151;122298;2,22;1798,50;170;135000;2,50;1985,29
790;153;122451;2,25;1800,75;169;135169;2,49;1987,78
791;152;122603;2,24;1802,99;168;135337;2,47;1990,25
792;155;122758;2,28;1805,26;170;135507;2,50;1992,75
793;152;122910;2,24;1807,50;169;135676;2,49;1995,24
794;152;123062;2,24;1809,74;172;135848;2,53;1997,76
795;151;123213;2,22;1811,96;170;136018;2,50;2000,26
796;151;123364;2,22;1814,18;171;136189;2,51;2002,78
797;151;123515;2,22;1816,40;168;136357;2,47;2005,25
798;154;123669;2,26;1818,66;166;136523;2,44;2007,69
799;154;123823;2,26;1820,93;171;136694;2,51;2010,21
800;155;123978;2,28;1823,21;169;136863;2,49;2012,69
801;155;124133;2,28;1825,49;169;137032;2,49;2015,18
802;153;124286;2,25;1827,74;168;137200;2,47;2017,65
803;152;124438;2,24;1829,97;167;137367;2,46;2020,10
804;152;124590;2,24;1832,21;170;137537;2,50;2022,60
805;151;124741;2,22;1834,43;170;137707;2,50;2025,10
